2.9000000000e+01 -1.0000000000e+00 3.6797000000e-02 5.5800000000e+02 0.0000000000e+00 1.0000000000e+00 0.0000000000e+00
4.0000000000e+00 -1.0000000000e+00 3.2680000000e-03 1.5780000000e+03 0.0000000000e+00 1.0000000000e+00 0.0000000000e+00
3.0000000000e+00 -1.0000000000e+00 5.0486000000e-02 1.6730000000e+03 0.0000000000e+00 1.0000000000e+00 0.0000000000e+00
1.7000000000e+01 1.4000000000e+01 4.7196000000e-02 7.3270000000e+03 1.6170000000e+03 1.0000000000e+00 1.0000000000e+00
1.8000000000e+01 1.9190000000e+01 4.7672000000e-02 2.1187000000e+04 7.7760000000e+03 1.0000000000e+00 2.0000000000e+00
1.1000000000e+01 1.3900000000e+01 1.2293000000e-02 1.3954000000e+04 4.4780000000e+03 1.0000000000e+00 2.0000000000e+00
3.1000000000e+01 1.5530000000e+01 5.6400000000e-03 3.2343000000e+04 1.3111000000e+04 1.0000000000e+00 2.0000000000e+00
4.9500000000e+00 1.3270000000e+01 4.4775000000e-02 4.7807000000e+04 2.7787000000e+04 2.0000000000e+00 4.0000000000e+00
1.6000000000e+01 -1.0000000000e+00 4.6447000000e-02 2.3150000000e+03 0.0000000000e+00 1.0000000000e+00 0.0000000000e+00
1.0000000000e+01 6.7500000000e+00 4.2194000000e-02 3.9949000000e+04 2.4997000000e+04 1.0000000000e+00 4.0000000000e+00
1.1000000000e+01 -1.0000000000e+00 4.2199000000e-02 5.5020000000e+03 0.0000000000e+00 1.0000000000e+00 0.0000000000e+00
1.1000000000e+01 -1.0000000000e+00 6.2760000000e-03 8.0500000000e+02 0.0000000000e+00 1.0000000000e+00 0.0000000000e+00
5.0000000000e+00 -1.0000000000e+00 3.7233000000e-02 3.4200000000e+02 0.0000000000e+00 1.0000000000e+00 0.0000000000e+00
3.0000000000e+01 3.1500000000e+00 5.4498000000e-02 2.9078000000e+04 1.2558000000e+04 1.0000000000e+00 3.0000000000e+00
2.0730000000e+01 2.9600000000e+01 3.3748000000e-02 3.7418000000e+04 1.6986000000e+04 2.0000000000e+00 2.0000000000e+00
3.1000000000e+01 -1.0000000000e+00 1.7516000000e-02 4.1300000000e+02 0.0000000000e+00 1.0000000000e+00 0.0000000000e+00
1.7000000000e+01 1.1270000000e+01 1.3187000000e-02 2.5340000000e+04 9.6650000000e+03 1.0000000000e+00 2.0000000000e+00
1.2000000000e+01 -1.0000000000e+00 2.9292000000e-02 1.8160000000e+03 0.0000000000e+00 1.0000000000e+00 0.0000000000e+00
3.0000000000e+00 -1.0000000000e+00 1.6836000000e-02 1.5330000000e+03 0.0000000000e+00 1.0000000000e+00 0.0000000000e+00
1.3000000000e+01 -1.0000000000e+00 1.1650000000e-02 4.4000000000e+02 0.0000000000e+00 1.0000000000e+00 0.0000000000e+00
4.0000000000e+00 -1.0000000000e+00 4.1496000000e-02 1.6920000000e+03 0.0000000000e+00 1.0000000000e+00 0.0000000000e+00
8.0000000000e+00 -1.0000000000e+00 3.6740000000e-03 5.9800000000e+02 0.0000000000e+00 1.0000000000e+00 0.0000000000e+00
3.1000000000e+01 -1.0000000000e+00 1.5261000000e-02 5.0900000000e+02 0.0000000000e+00 1.0000000000e+00 0.0000000000e+00
1.7000000000e+01 9.5000000000e+00 1.2313000000e-02 4.1054000000e+04 2.4867000000e+04 1.0000000000e+00 4.0000000000e+00
1.8000000000e+01 -1.0000000000e+00 1.2317000000e-02 4.3360000000e+03 0.0000000000e+00 1.0000000000e+00 0.0000000000e+00
1.7000000000e+01 -1.0000000000e+00 1.8874000000e-02 5.1870000000e+03 0.0000000000e+00 1.0000000000e+00 0.0000000000e+00
2.0000000000e+00 -1.0000000000e+00 2.1680000000e-03 3.5400000000e+02 0.0000000000e+00 1.0000000000e+00 0.0000000000e+00
5.3000000000e+00 1.4340000000e+01 4.0137000000e-02 4.7865000000e+04 2.3132000000e+04 2.0000000000e+00 3.0000000000e+00
1.2000000000e+01 1.8180000000e+01 1.9792000000e-02 4.3624000000e+04 2.8700000000e+04 1.0000000000e+00 3.0000000000e+00
0.0000000000e+00 -1.0000000000e+00 4.3901000000e-02 2.0170000000e+03 0.0000000000e+00 1.0000000000e+00 0.0000000000e+00
3.7400000000e+00 1.4380000000e+01 3.8342000000e-02 5.5630000000e+04 2.4850000000e+04 2.0000000000e+00 4.0000000000e+00
3.1000000000e+01 -1.0000000000e+00 2.9457000000e-02 9.9000000000e+02 0.0000000000e+00 1.0000000000e+00 0.0000000000e+00
1.0870000000e+01 1.2610000000e+01 4.5306000000e-02 2.3918000000e+04 1.0975000000e+04 2.0000000000e+00 2.0000000000e+00
1.4090000000e+01 1.7790000000e+01 1.1733000000e-02 2.2039000000e+04 1.2426000000e+04 2.0000000000e+00 3.0000000000e+00
4.0000000000e+00 -1.0000000000e+00 4.0116000000e-02 9.5600000000e+02 0.0000000000e+00 1.0000000000e+00 0.0000000000e+00
1.1000000000e+01 1.2140000000e+01 2.0818000000e-02 4.2400000000e+04 2.5820000000e+04 1.0000000000e+00 3.0000000000e+00
2.0000000000e+00 -1.0000000000e+00 4.0348000000e-02 1.9960000000e+03 0.0000000000e+00 1.0000000000e+00 0.0000000000e+00
1.1000000000e+01 2.0570000000e+01 8.4590000000e-03 3.6806000000e+04 1.7139000000e+04 1.0000000000e+00 2.0000000000e+00
1.1000000000e+01 -1.0000000000e+00 8.5540000000e-03 5.1220000000e+03 0.0000000000e+00 1.0000000000e+00 0.0000000000e+00
3.1000000000e+01 -1.0000000000e+00 3.7750000000e-03 1.8620000000e+03 0.0000000000e+00 1.0000000000e+00 0.0000000000e+00
5.0000000000e+00 8.8900000000e+00 4.2622000000e-02 2.5196000000e+04 1.0295000000e+04 1.0000000000e+00 3.0000000000e+00
0.0000000000e+00 -1.0000000000e+00 2.4006000000e-02 3.2900000000e+02 0.0000000000e+00 1.0000000000e+00 0.0000000000e+00
1.1000000000e+01 9.7700000000e+00 1.0806000000e-02 1.5740000000e+04 5.4200000000e+03 1.0000000000e+00 2.0000000000e+00
4.4900000000e+00 2.1450000000e+01 8.6320000000e-03 3.4382000000e+04 1.3746000000e+04 2.0000000000e+00 2.0000000000e+00
4.0000000000e+00 -1.0000000000e+00 5.8589000000e-02 1.7950000000e+03 0.0000000000e+00 1.0000000000e+00 0.0000000000e+00
2.0000000000e+00 -1.0000000000e+00 1.6238000000e-02 7.2300000000e+02 0.0000000000e+00 1.0000000000e+00 0.0000000000e+00
9.0000000000e+00 -1.0000000000e+00 3.6990000000e-03 1.0360000000e+03 0.0000000000e+00 1.0000000000e+00 0.0000000000e+00
5.2500000000e+00 9.9200000000e+00 4.7366000000e-02 4.5584000000e+04 2.1504000000e+04 2.0000000000e+00 3.0000000000e+00
1.0000000000e+01 -1.0000000000e+00 8.8380000000e-03 6.3800000000e+02 0.0000000000e+00 1.0000000000e+00 0.0000000000e+00
6.0000000000e+00 -1.0000000000e+00 5.1903000000e-02 1.2930000000e+03 0.0000000000e+00 1.0000000000e+00 0.0000000000e+00
1.0000000000e+00 -1.0000000000e+00 5.1649000000e-02 1.1030000000e+03 0.0000000000e+00 1.0000000000e+00 0.0000000000e+00
1.4000000000e+01 -1.0000000000e+00 5.4826000000e-02 1.5230000000e+03 0.0000000000e+00 1.0000000000e+00 0.0000000000e+00
5.5000000000e+00 2.4310000000e+01 4.3406000000e-02 2.3877000000e+04 1.1284000000e+04 2.0000000000e+00 2.0000000000e+00
1.0000000000e+00 2.4800000000e+00 1.5124000000e-02 4.3888000000e+04 1.7755000000e+04 1.0000000000e+00 4.0000000000e+00
1.7000000000e+01 1.2860000000e+01 3.9746000000e-02 2.2326000000e+04 6.6210000000e+03 1.0000000000e+00 2.0000000000e+00
1.1000000000e+01 6.8100000000e+00 4.5668000000e-02 4.3706000000e+04 3.1089000000e+04 1.0000000000e+00 4.0000000000e+00
1.2000000000e+01 -1.0000000000e+00 4.5672000000e-02 3.3690000000e+03 0.0000000000e+00 1.0000000000e+00 0.0000000000e+00
2.0000000000e+01 -1.0000000000e+00 1.9906000000e-02 8.6200000000e+02 0.0000000000e+00 1.0000000000e+00 0.0000000000e+00
3.1000000000e+01 -1.0000000000e+00 1.3941000000e-02 8.5200000000e+02 0.0000000000e+00 1.0000000000e+00 0.0000000000e+00
1.1000000000e+01 -1.0000000000e+00 5.1584000000e-02 2.1040000000e+03 0.0000000000e+00 1.0000000000e+00 0.0000000000e+00
5.0000000000e+00 8.6600000000e+00 8.8490000000e-03 1.8521000000e+04 8.2230000000e+03 1.0000000000e+00 2.0000000000e+00
1.7000000000e+01 1.4430000000e+01 4.2942000000e-02 3.1446000000e+04 1.5096000000e+04 1.0000000000e+00 2.0000000000e+00
1.0000000000e+01 -1.0000000000e+00 2.5196000000e-02 1.3600000000e+03 0.0000000000e+00 1.0000000000e+00 0.0000000000e+00
1.0000000000e+01 -1.0000000000e+00 2.7704000000e-02 8.2400000000e+02 0.0000000000e+00 1.0000000000e+00 0.0000000000e+00
8.6200000000e+00 9.7300000000e+00 4.3345000000e-02 4.9050000000e+04 2.4472000000e+04 2.0000000000e+00 3.0000000000e+00
4.0000000000e+00 1.8290000000e+01 9.6110000000e-03 4.8788000000e+04 2.7112000000e+04 1.0000000000e+00 4.0000000000e+00
2.0000000000e+00 -1.0000000000e+00 5.8606000000e-02 1.7110000000e+03 0.0000000000e+00 1.0000000000e+00 0.0000000000e+00
0.0000000000e+00 -1.0000000000e+00 1.4394000000e-02 1.3000000000e+01 0.0000000000e+00 1.0000000000e+00 0.0000000000e+00
1.2230000000e+01 1.1060000000e+01 6.8880000000e-03 4.5542000000e+04 2.5053000000e+04 2.0000000000e+00 3.0000000000e+00
2.4000000000e+01 2.4210000000e+01 1.4120000000e-02 1.2469000000e+04 4.3850000000e+03 1.0000000000e+00 2.0000000000e+00
3.1000000000e+01 -1.0000000000e+00 3.7560000000e-03 2.5010000000e+03 0.0000000000e+00 1.0000000000e+00 0.0000000000e+00
1.1000000000e+01 7.6800000000e+00 1.0335000000e-02 1.7542000000e+04 6.6240000000e+03 1.0000000000e+00 2.0000000000e+00
1.0210000000e+01 1.8200000000e+01 1.7206000000e-02 3.1327000000e+04 1.6499000000e+04 2.0000000000e+00 3.0000000000e+00
1.9000000000e+01 -1.0000000000e+00 3.8992000000e-02 1.5470000000e+03 0.0000000000e+00 1.0000000000e+00 0.0000000000e+00
1.7770000000e+01 1.5430000000e+01 4.1362000000e-02 3.0867000000e+04 1.3699000000e+04 2.0000000000e+00 2.0000000000e+00
1.0000000000e+00 -1.0000000000e+00 4.7965000000e-02 1.9270000000e+03 0.0000000000e+00 1.0000000000e+00 0.0000000000e+00
5.0000000000e+00 1.3040000000e+01 8.1260000000e-03 4.5092000000e+04 2.5838000000e+04 1.0000000000e+00 3.0000000000e+00
5.0000000000e+00 -1.0000000000e+00 8.1350000000e-03 2.6570000000e+03 0.0000000000e+00 1.0000000000e+00 0.0000000000e+00
3.1000000000e+01 -1.0000000000e+00 5.9652000000e-02 1.3970000000e+03 0.0000000000e+00 1.0000000000e+00 0.0000000000e+00
1.1000000000e+01 -1.0000000000e+00 2.9619000000e-02 1.0500000000e+03 0.0000000000e+00 1.0000000000e+00 0.0000000000e+00
1.1000000000e+01 -1.0000000000e+00 3.2898000000e-02 1.6210000000e+03 0.0000000000e+00 1.0000000000e+00 0.0000000000e+00
3.1000000000e+01 -1.0000000000e+00 1.8334000000e-02 2.6050000000e+03 0.0000000000e+00 1.0000000000e+00 0.0000000000e+00
2.6360000000e+01 -1.0000000000e+00 1.4567000000e-02 3.7704000000e+04 0.0000000000e+00 2.0000000000e+00 0.0000000000e+00
1.7020000000e+01 -1.0000000000e+00 3.8390000000e-03 3.2622800000e+05 0.0000000000e+00 3.2000000000e+01 0.0000000000e+00
0.0000000000e+00 -1.0000000000e+00 5.2570000000e-03 1.4850000000e+03 0.0000000000e+00 1.0000000000e+00 0.0000000000e+00
1.7330000000e+01 2.0100000000e+01 6.5850000000e-03 3.1043000000e+04 1.4398000000e+04 2.0000000000e+00 3.0000000000e+00
8.0000000000e+00 -1.0000000000e+00 3.2920000000e-03 7.7100000000e+02 0.0000000000e+00 1.0000000000e+00 0.0000000000e+00
5.0000000000e+00 8.7300000000e+00 1.3025000000e-02 1.6543000000e+04 5.9040000000e+03 1.0000000000e+00 2.0000000000e+00
1.7250000000e+01 8.9100000000e+00 4.0310000000e-02 3.9871000000e+04 2.0949000000e+04 2.0000000000e+00 3.0000000000e+00
1.0000000000e+00 -1.0000000000e+00 1.2294000000e-02 4.0900000000e+02 0.0000000000e+00 1.0000000000e+00 0.0000000000e+00
9.0000000000e+00 -1.0000000000e+00 4.2792000000e-02 6.2100000000e+02 0.0000000000e+00 1.0000000000e+00 0.0000000000e+00
1.5000000000e+01 -1.0000000000e+00 3.3082000000e-02 9.0600000000e+02 0.0000000000e+00 1.0000000000e+00 0.0000000000e+00
6.0000000000e+00 -1.0000000000e+00 4.4834000000e-02 1.3130000000e+03 0.0000000000e+00 1.0000000000e+00 0.0000000000e+00
2.0000000000e+00 -1.0000000000e+00 1.1843000000e-02 6.7400000000e+02 0.0000000000e+00 1.0000000000e+00 0.0000000000e+00
2.0000000000e+01 -1.0000000000e+00 2.9531000000e-02 1.6450000000e+03 0.0000000000e+00 1.0000000000e+00 0.0000000000e+00
1.7000000000e+01 -1.0000000000e+00 3.9773000000e-02 7.0000000000e+02 0.0000000000e+00 1.0000000000e+00 0.0000000000e+00
1.7000000000e+01 9.4300000000e+00 1.5326000000e-02 4.1360000000e+04 2.7688000000e+04 1.0000000000e+00 4.0000000000e+00
1.8000000000e+01 -1.0000000000e+00 1.5329000000e-02 4.2580000000e+03 0.0000000000e+00 1.0000000000e+00 0.0000000000e+00
1.7690000000e+01 1.5790000000e+01 3.8010000000e-02 4.5239000000e+04 2.4584000000e+04 2.0000000000e+00 4.0000000000e+00
1.9000000000e+01 -1.0000000000e+00 3.8014000000e-02 3.6480000000e+03 0.0000000000e+00 1.0000000000e+00 0.0000000000e+00
1.8000000000e+01 1.8000000000e+01 4.1768000000e-02 1.0352000000e+04 2.6890000000e+03 1.0000000000e+00 1.0000000000e+00
6.0000000000e+00 -1.0000000000e+00 1.4430000000e-03 7.2000000000e+01 0.0000000000e+00 1.0000000000e+00 0.0000000000e+00
3.1000000000e+01 -1.0000000000e+00 1.4374000000e-02 2.8990000000e+03 0.0000000000e+00 1.0000000000e+00 0.0000000000e+00
4.0000000000e+00 1.0160000000e+01 9.4240000000e-03 3.6809000000e+04 1.7692000000e+04 1.0000000000e+00 3.0000000000e+00
5.0000000000e+00 -1.0000000000e+00 9.4280000000e-03 6.0720000000e+03 0.0000000000e+00 1.0000000000e+00 0.0000000000e+00
0.0000000000e+00 -1.0000000000e+00 4.0592000000e-02 3.8100000000e+02 0.0000000000e+00 1.0000000000e+00 0.0000000000e+00
5.0000000000e+00 -1.0000000000e+00 2.4979000000e-02 3.8700000000e+02 0.0000000000e+00 1.0000000000e+00 0.0000000000e+00
1.2460000000e+01 -1.0000000000e+00 5.8799000000e-02 3.9140000000e+03 0.0000000000e+00 2.0000000000e+00 0.0000000000e+00
6.0000000000e+00 -1.0000000000e+00 5.6291000000e-02 1.6500000000e+03 0.0000000000e+00 1.0000000000e+00 0.0000000000e+00
1.0000000000e+01 -1.0000000000e+00 2.8859000000e-02 1.2410000000e+03 0.0000000000e+00 1.0000000000e+00 0.0000000000e+00
3.1000000000e+01 -1.0000000000e+00 5.5565000000e-02 2.9100000000e+02 0.0000000000e+00 1.0000000000e+00 0.0000000000e+00
1.7020000000e+01 8.9800000000e+00 3.8245000000e-02 3.6362000000e+04 2.3294000000e+04 2.0000000000e+00 3.0000000000e+00
2.4880000000e+01 1.7580000000e+01 4.2547000000e-02 1.2744000000e+04 4.6990000000e+03 2.0000000000e+00 2.0000000000e+00
0.0000000000e+00 2.5550000000e+01 8.1710000000e-03 2.5230000000e+04 4.8890000000e+03 1.0000000000e+00 2.0000000000e+00
2.4000000000e+01 1.0000000000e+01 4.4918000000e-02 1.5022000000e+04 3.9180000000e+03 1.0000000000e+00 1.0000000000e+00
1.0000000000e+01 1.0890000000e+01 7.1980000000e-03 4.4709000000e+04 3.0327000000e+04 1.0000000000e+00 4.0000000000e+00
9.0000000000e+00 -1.0000000000e+00 7.2020000000e-03 3.8140000000e+03 0.0000000000e+00 1.0000000000e+00 0.0000000000e+00
2.1000000000e+01 1.9430000000e+01 2.4111000000e-02 1.9689000000e+04 8.4400000000e+03 1.0000000000e+00 2.0000000000e+00
3.1000000000e+01 -1.0000000000e+00 4.9280000000e-03 2.0920000000e+03 0.0000000000e+00 1.0000000000e+00 0.0000000000e+00
6.0000000000e+00 -1.0000000000e+00 2.2700000000e-03 1.5590000000e+03 0.0000000000e+00 1.0000000000e+00 0.0000000000e+00
2.4000000000e+01 1.9000000000e+01 4.0857000000e-02 1.1154000000e+04 2.8390000000e+03 1.0000000000e+00 1.0000000000e+00
1.1000000000e+01 9.8500000000e+00 4.1321000000e-02 2.4929000000e+04 1.1210000000e+04 1.0000000000e+00 3.0000000000e+00
1.0000000000e+00 -1.0000000000e+00 3.1751000000e-02 2.5300000000e+02 0.0000000000e+00 1.0000000000e+00 0.0000000000e+00
1.5000000000e+01 -1.0000000000e+00 5.8189000000e-02 1.5900000000e+03 0.0000000000e+00 1.0000000000e+00 0.0000000000e+00
0.0000000000e+00 -1.0000000000e+00 1.7971000000e-02 1.4570000000e+03 0.0000000000e+00 1.0000000000e+00 0.0000000000e+00
2.4000000000e+01 -1.0000000000e+00 1.0000000000e-06 3.6700000000e+02 0.0000000000e+00 1.0000000000e+00 0.0000000000e+00
5.0000000000e+00 -1.0000000000e+00 4.5054000000e-02 3.4330000000e+03 0.0000000000e+00 1.0000000000e+00 0.0000000000e+00
5.4500000000e+00 1.4150000000e+01 8.9620000000e-03 5.2562000000e+04 2.8067000000e+04 2.0000000000e+00 3.0000000000e+00
1.7000000000e+01 1.9000000000e+01 1.6470000000e-02 6.7050000000e+03 1.2370000000e+03 1.0000000000e+00 1.0000000000e+00
3.1000000000e+01 -1.0000000000e+00 8.2970000000e-03 1.4990000000e+03 0.0000000000e+00 1.0000000000e+00 0.0000000000e+00
1.3000000000e+01 -1.0000000000e+00 6.8200000000e-03 2.3290000000e+03 0.0000000000e+00 1.0000000000e+00 0.0000000000e+00
2.3700000000e+01 6.3300000000e+00 1.0224000000e-02 1.2547000000e+04 5.7880000000e+03 2.0000000000e+00 2.0000000000e+00
1.0000000000e+00 -1.0000000000e+00 5.2552000000e-02 6.9900000000e+02 0.0000000000e+00 1.0000000000e+00 0.0000000000e+00
1.1000000000e+01 1.1470000000e+01 7.3140000000e-03 3.0495000000e+04 1.3172000000e+04 1.0000000000e+00 2.0000000000e+00
0.0000000000e+00 2.4190000000e+01 1.1908000000e-02 2.7450000000e+04 4.5090000000e+03 1.0000000000e+00 2.0000000000e+00
3.1000000000e+01 -1.0000000000e+00 2.0779000000e-02 2.0900000000e+03 0.0000000000e+00 1.0000000000e+00 0.0000000000e+00
5.0000000000e+00 1.7800000000e+01 3.7533000000e-02 1.9085000000e+04 6.1650000000e+03 1.0000000000e+00 2.0000000000e+00
1.6000000000e+01 -1.0000000000e+00 4.5466000000e-02 1.7490000000e+03 0.0000000000e+00 1.0000000000e+00 0.0000000000e+00
6.0000000000e+00 -1.0000000000e+00 5.6052000000e-02 4.9300000000e+02 0.0000000000e+00 1.0000000000e+00 0.0000000000e+00
1.0000000000e+00 -1.0000000000e+00 1.4200000000e-02 8.5000000000e+02 0.0000000000e+00 1.0000000000e+00 0.0000000000e+00
4.8200000000e+00 1.5400000000e+01 8.5240000000e-03 1.2770000000e+04 5.6020000000e+03 2.0000000000e+00 2.0000000000e+00
1.1000000000e+01 1.4970000000e+01 3.9559000000e-02 2.7206000000e+04 1.1968000000e+04 1.0000000000e+00 3.0000000000e+00
2.4000000000e+01 1.2520000000e+01 1.4175000000e-02 2.2576000000e+04 8.9190000000e+03 1.0000000000e+00 2.0000000000e+00
1.3000000000e+01 1.4520000000e+01 4.4164000000e-02 1.9043000000e+04 7.6730000000e+03 1.0000000000e+00 2.0000000000e+00
1.7830000000e+01 2.0510000000e+01 1.2737000000e-02 2.5259000000e+04 1.1131000000e+04 2.0000000000e+00 2.0000000000e+00
3.1000000000e+01 -1.0000000000e+00 3.0358000000e-02 1.1250000000e+03 0.0000000000e+00 1.0000000000e+00 0.0000000000e+00
1.7770000000e+01 7.3800000000e+00 4.0009000000e-02 2.7364000000e+04 1.2440000000e+04 2.0000000000e+00 2.0000000000e+00
1.0000000000e+01 1.3790000000e+01 4.0660000000e-02 2.7234000000e+04 1.3928000000e+04 1.0000000000e+00 3.0000000000e+00
6.0000000000e+00 1.5990000000e+01 1.1453000000e-02 4.1329000000e+04 2.5415000000e+04 1.0000000000e+00 3.0000000000e+00
7.0000000000e+00 -1.0000000000e+00 1.1458000000e-02 4.6970000000e+03 0.0000000000e+00 1.0000000000e+00 0.0000000000e+00
8.0000000000e+00 -1.0000000000e+00 2.3426000000e-02 3.6000000000e+02 0.0000000000e+00 1.0000000000e+00 0.0000000000e+00
5.0000000000e+00 1.5000000000e+01 1.7614000000e-02 1.0769000000e+04 2.5210000000e+03 1.0000000000e+00 1.0000000000e+00
3.1000000000e+01 -1.0000000000e+00 3.1759000000e-02 2.3140000000e+03 0.0000000000e+00 1.0000000000e+00 0.0000000000e+00
1.2000000000e+01 1.9660000000e+01 1.0747000000e-02 4.2157000000e+04 2.6224000000e+04 1.0000000000e+00 3.0000000000e+00
3.0000000000e+00 1.6400000000e+01 3.9738000000e-02 3.9698000000e+04 1.5995000000e+04 1.0000000000e+00 4.0000000000e+00
2.0000000000e+00 -1.0000000000e+00 3.9743000000e-02 7.3990000000e+03 0.0000000000e+00 1.0000000000e+00 0.0000000000e+00
0.0000000000e+00 -1.0000000000e+00 2.0389000000e-02 6.0900000000e+02 0.0000000000e+00 1.0000000000e+00 0.0000000000e+00
9.0000000000e+00 -1.0000000000e+00 1.2466000000e-02 1.0200000000e+03 0.0000000000e+00 1.0000000000e+00 0.0000000000e+00
1.7000000000e+01 2.0870000000e+01 3.9934000000e-02 3.3546000000e+04 1.5004000000e+04 1.0000000000e+00 3.0000000000e+00
0.0000000000e+00 -1.0000000000e+00 3.9909000000e-02 1.8100000000e+03 0.0000000000e+00 1.0000000000e+00 0.0000000000e+00
1.5000000000e+01 -1.0000000000e+00 4.8610000000e-03 4.4900000000e+02 0.0000000000e+00 1.0000000000e+00 0.0000000000e+00
3.0000000000e+00 -1.0000000000e+00 4.8389000000e-02 6.4600000000e+02 0.0000000000e+00 1.0000000000e+00 0.0000000000e+00
1.0000000000e+01 8.6100000000e+00 1.5554000000e-02 1.3931000000e+04 6.0690000000e+03 1.0000000000e+00 2.0000000000e+00
1.0450000000e+01 1.5500000000e+01 4.4975000000e-02 5.0647000000e+04 2.5802000000e+04 2.0000000000e+00 4.0000000000e+00
2.4790000000e+01 1.6370000000e+01 8.4210000000e-03 8.3790000000e+03 2.5930000000e+03 2.0000000000e+00 2.0000000000e+00
9.0000000000e+00 2.9890000000e+01 1.8851000000e-02 5.7904000000e+04 2.2953000000e+04 1.0000000000e+00 3.0000000000e+00
1.0000000000e+01 -1.0000000000e+00 1.8854000000e-02 1.0799000000e+04 0.0000000000e+00 1.0000000000e+00 0.0000000000e+00
8.0000000000e+00 -1.0000000000e+00 1.8858000000e-02 5.7210000000e+03 0.0000000000e+00 1.0000000000e+00 0.0000000000e+00
6.0000000000e+00 -1.0000000000e+00 3.6972000000e-02 2.9700000000e+03 0.0000000000e+00 1.0000000000e+00 0.0000000000e+00
3.1000000000e+01 -1.0000000000e+00 4.1969000000e-02 5.4900000000e+03 0.0000000000e+00 1.0000000000e+00 0.0000000000e+00
9.0000000000e+00 -1.0000000000e+00 3.8089000000e-02 1.3590000000e+03 0.0000000000e+00 1.0000000000e+00 0.0000000000e+00
3.1000000000e+01 -1.0000000000e+00 2.4118000000e-02 3.3090000000e+03 0.0000000000e+00 1.0000000000e+00 0.0000000000e+00
1.6000000000e+01 -1.0000000000e+00 4.3433000000e-02 1.1990000000e+03 0.0000000000e+00 1.0000000000e+00 0.0000000000e+00
1.6000000000e+01 -1.0000000000e+00 6.8850000000e-03 1.8820000000e+03 0.0000000000e+00 1.0000000000e+00 0.0000000000e+00
5.3900000000e+00 2.5400000000e+01 4.1369000000e-02 3.6429000000e+04 1.6835000000e+04 2.0000000000e+00 2.0000000000e+00
4.0000000000e+00 -1.0000000000e+00 4.1373000000e-02 3.9190000000e+03 0.0000000000e+00 1.0000000000e+00 0.0000000000e+00
1.1000000000e+01 -1.0000000000e+00 2.9135000000e-02 1.9180000000e+03 0.0000000000e+00 1.0000000000e+00 0.0000000000e+00
7.0000000000e+00 -1.0000000000e+00 5.7415000000e-02 1.1350000000e+03 0.0000000000e+00 1.0000000000e+00 0.0000000000e+00
5.0900000000e+00 1.0060000000e+01 1.5582000000e-02 3.1782000000e+04 1.5631000000e+04 2.0000000000e+00 3.0000000000e+00
1.8550000000e+01 1.5220000000e+01 1.3183000000e-02 3.0446000000e+04 1.6265000000e+04 2.0000000000e+00 3.0000000000e+00
1.2000000000e+01 -1.0000000000e+00 3.0609000000e-02 2.9180000000e+03 0.0000000000e+00 1.0000000000e+00 0.0000000000e+00
1.2000000000e+01 -1.0000000000e+00 2.7611000000e-02 2.2610000000e+03 0.0000000000e+00 1.0000000000e+00 0.0000000000e+00
2.4440000000e+01 3.0000000000e+01 4.3948000000e-02 3.9607000000e+04 7.5620000000e+03 2.0000000000e+00 1.0000000000e+00
5.0000000000e+00 -1.0000000000e+00 5.1379000000e-02 1.5590000000e+03 0.0000000000e+00 1.0000000000e+00 0.0000000000e+00
3.1000000000e+01 -1.0000000000e+00 3.7505000000e-02 2.6580000000e+03 0.0000000000e+00 1.0000000000e+00 0.0000000000e+00
1.1030000000e+01 1.8080000000e+01 3.9874000000e-02 3.6156000000e+04 2.0208000000e+04 2.0000000000e+00 3.0000000000e+00
3.1000000000e+01 -1.0000000000e+00 2.4018000000e-02 8.7100000000e+02 0.0000000000e+00 1.0000000000e+00 0.0000000000e+00
2.3390000000e+01 2.0580000000e+01 1.2858000000e-02 4.1043000000e+04 1.8466000000e+04 2.0000000000e+00 2.0000000000e+00
1.8000000000e+01 1.8140000000e+01 3.7923000000e-02 2.4312000000e+04 7.5020000000e+03 1.0000000000e+00 2.0000000000e+00
6.0000000000e+00 -1.0000000000e+00 2.7262000000e-02 3.5000000000e+02 0.0000000000e+00 1.0000000000e+00 0.0000000000e+00
5.4100000000e+00 1.3620000000e+01 2.6817000000e-02 5.4598000000e+04 2.6697000000e+04 2.0000000000e+00 4.0000000000e+00
9.0000000000e+00 -1.0000000000e+00 4.9562000000e-02 1.5080000000e+03 0.0000000000e+00 1.0000000000e+00 0.0000000000e+00
2.8000000000e+01 -1.0000000000e+00 5.4710000000e-03 1.2030000000e+03 0.0000000000e+00 1.0000000000e+00 0.0000000000e+00
1.8000000000e+01 -1.0000000000e+00 8.6780000000e-03 8.9800000000e+02 0.0000000000e+00 1.0000000000e+00 0.0000000000e+00
3.1000000000e+01 -1.0000000000e+00 4.0951000000e-02 1.3890000000e+03 0.0000000000e+00 1.0000000000e+00 0.0000000000e+00
1.4000000000e+01 -1.0000000000e+00 4.1512000000e-02 1.3830000000e+03 0.0000000000e+00 1.0000000000e+00 0.0000000000e+00
3.0000000000e+00 -1.0000000000e+00 3.9204000000e-02 2.6840000000e+03 0.0000000000e+00 1.0000000000e+00 0.0000000000e+00
1.1000000000e+01 9.0600000000e+00 4.0240000000e-02 4.7245000000e+04 3.1360000000e+04 1.0000000000e+00 3.0000000000e+00
1.2000000000e+01 -1.0000000000e+00 4.0243000000e-02 5.5230000000e+03 0.0000000000e+00 1.0000000000e+00 0.0000000000e+00
1.1000000000e+01 -1.0000000000e+00 4.3299000000e-02 8.6560000000e+03 0.0000000000e+00 1.0000000000e+00 0.0000000000e+00
7.0000000000e+00 -1.0000000000e+00 4.7742000000e-02 1.9130000000e+03 0.0000000000e+00 1.0000000000e+00 0.0000000000e+00
1.7960000000e+01 -1.0000000000e+00 3.2878000000e-02 3.5027000000e+04 0.0000000000e+00 2.7000000000e+01 0.0000000000e+00
9.0000000000e+00 -1.0000000000e+00 5.3558000000e-02 2.9630000000e+03 0.0000000000e+00 1.0000000000e+00 0.0000000000e+00
8.4000000000e+00 2.1170000000e+01 3.0200000000e-03 5.3962000000e+04 2.7372000000e+04 2.0000000000e+00 3.0000000000e+00
6.0000000000e+00 -1.0000000000e+00 3.6465000000e-02 1.6900000000e+03 0.0000000000e+00 1.0000000000e+00 0.0000000000e+00
2.3850000000e+01 1.7650000000e+01 4.6160000000e-02 3.5415000000e+04 1.6054000000e+04 2.0000000000e+00 3.0000000000e+00
2.1000000000e+01 -1.0000000000e+00 1.7112000000e-02 1.5250000000e+03 0.0000000000e+00 1.0000000000e+00 0.0000000000e+00
5.0000000000e+00 -1.0000000000e+00 7.4190000000e-03 3.6050000000e+03 0.0000000000e+00 1.0000000000e+00 0.0000000000e+00
5.0000000000e+00 1.1030000000e+01 4.5266000000e-02 4.0465000000e+04 2.0223000000e+04 1.0000000000e+00 3.0000000000e+00
1.0000000000e+01 1.2490000000e+01 4.5238000000e-02 2.1968000000e+04 8.9720000000e+03 1.0000000000e+00 2.0000000000e+00
1.1000000000e+01 1.5100000000e+01 4.0670000000e-02 2.6787000000e+04 1.1870000000e+04 1.0000000000e+00 3.0000000000e+00
1.1000000000e+01 -1.0000000000e+00 5.1739000000e-02 9.5100000000e+02 0.0000000000e+00 1.0000000000e+00 0.0000000000e+00
5.0000000000e+00 -1.0000000000e+00 3.3822000000e-02 2.1280000000e+03 0.0000000000e+00 1.0000000000e+00 0.0000000000e+00
1.1210000000e+01 1.5260000000e+01 1.3951000000e-02 2.0413000000e+04 8.6590000000e+03 2.0000000000e+00 2.0000000000e+00
1.7000000000e+01 2.0130000000e+01 8.8910000000e-03 1.6076000000e+04 5.0120000000e+03 1.0000000000e+00 2.0000000000e+00
6.0000000000e+00 -1.0000000000e+00 9.7550000000e-03 2.9200000000e+02 0.0000000000e+00 1.0000000000e+00 0.0000000000e+00
2.0000000000e+00 -1.0000000000e+00 8.6940000000e-03 2.3600000000e+02 0.0000000000e+00 1.0000000000e+00 0.0000000000e+00
1.6000000000e+01 -1.0000000000e+00 4.4526000000e-02 1.1920000000e+03 0.0000000000e+00 1.0000000000e+00 0.0000000000e+00
1.7000000000e+01 7.3700000000e+00 5.1839000000e-02 2.9531000000e+04 1.2065000000e+04 1.0000000000e+00 2.0000000000e+00
1.6000000000e+01 -1.0000000000e+00 5.1844000000e-02 3.9240000000e+03 0.0000000000e+00 1.0000000000e+00 0.0000000000e+00
5.0000000000e+00 -1.0000000000e+00 3.6988000000e-02 5.5080000000e+03 0.0000000000e+00 1.0000000000e+00 0.0000000000e+00
1.1000000000e+01 -1.0000000000e+00 1.0253000000e-02 3.5240000000e+03 0.0000000000e+00 1.0000000000e+00 0.0000000000e+00
2.6000000000e+01 -1.0000000000e+00 4.6356000000e-02 3.4800000000e+02 0.0000000000e+00 1.0000000000e+00 0.0000000000e+00
1.2000000000e+01 2.0320000000e+01 4.9045000000e-02 1.7273000000e+04 6.2490000000e+03 1.0000000000e+00 2.0000000000e+00
6.0000000000e+00 2.6590000000e+01 2.4764000000e-02 3.6221000000e+04 1.7067000000e+04 1.0000000000e+00 2.0000000000e+00
3.1000000000e+01 -1.0000000000e+00 3.8950000000e-03 2.4580000000e+03 0.0000000000e+00 1.0000000000e+00 0.0000000000e+00
1.0000000000e+01 -1.0000000000e+00 1.4421000000e-02 4.5000000000e+02 0.0000000000e+00 1.0000000000e+00 0.0000000000e+00
4.0000000000e+00 -1.0000000000e+00 4.6662000000e-02 2.0510000000e+03 0.0000000000e+00 1.0000000000e+00 0.0000000000e+00
6.0000000000e+00 1.9020000000e+01 4.6104000000e-02 3.1458000000e+04 1.5664000000e+04 1.0000000000e+00 3.0000000000e+00
3.1000000000e+01 -1.0000000000e+00 9.9870000000e-03 1.4840000000e+03 0.0000000000e+00 1.0000000000e+00 0.0000000000e+00
3.0000000000e+01 1.0370000000e+01 1.3272000000e-02 2.8846000000e+04 1.0442000000e+04 1.0000000000e+00 3.0000000000e+00
1.5000000000e+01 -1.0000000000e+00 1.9627000000e-02 1.4320000000e+03 0.0000000000e+00 1.0000000000e+00 0.0000000000e+00
2.0000000000e+01 -1.0000000000e+00 3.8188000000e-02 2.1110000000e+03 0.0000000000e+00 1.0000000000e+00 0.0000000000e+00
8.0000000000e+00 -1.0000000000e+00 3.1060000000e-02 1.8830000000e+03 0.0000000000e+00 1.0000000000e+00 0.0000000000e+00
3.0000000000e+01 -1.0000000000e+00 5.6801000000e-02 8.0430000000e+03 0.0000000000e+00 1.0000000000e+00 0.0000000000e+00
3.1000000000e+01 -1.0000000000e+00 3.8794000000e-02 1.2280000000e+03 0.0000000000e+00 1.0000000000e+00 0.0000000000e+00
4.0000000000e+00 1.0320000000e+01 4.0149000000e-02 3.2354000000e+04 1.2308000000e+04 1.0000000000e+00 3.0000000000e+00
5.0000000000e+00 -1.0000000000e+00 4.0153000000e-02 4.9940000000e+03 0.0000000000e+00 1.0000000000e+00 0.0000000000e+00
