3.6796528000e-02 2.9000000000e+01 5.5800000000e+02
3.2681440000e-03 4.0000000000e+00 1.5780000000e+03
5.0485616000e-02 3.0000000000e+00 1.6730000000e+03
4.7195648000e-02 1.7000000000e+01 7.3270000000e+03
4.7196512000e-02 4.6000000000e+01 1.6170000000e+03
4.7671632000e-02 1.8000000000e+01 2.1187000000e+04
4.7671936000e-02 5.1000000000e+01 6.3240000000e+03
4.7672592000e-02 5.2000000000e+01 1.4520000000e+03
1.2292992000e-02 1.1000000000e+01 1.3954000000e+04
1.2293216000e-02 4.6000000000e+01 4.0190000000e+03
1.2293952000e-02 4.5000000000e+01 4.5900000000e+02
5.6398400000e-03 3.1000000000e+01 3.2343000000e+04
5.6401600000e-03 4.8000000000e+01 6.9160000000e+03
5.6402080000e-03 4.7000000000e+01 6.1950000000e+03
4.4774656000e-02 4.5000000000e+01 1.3267000000e+04
4.4774704000e-02 4.6000000000e+01 9.3490000000e+03
4.4775088000e-02 4.4000000000e+01 4.0810000000e+03
4.4775488000e-02 4.7000000000e+01 1.0900000000e+03
4.4774448000e-02 5.0000000000e+00 4.5436000000e+04
4.4774688000e-02 4.0000000000e+00 2.3710000000e+03
4.6446720000e-02 1.6000000000e+01 2.3150000000e+03
4.2194320000e-02 1.0000000000e+01 3.9949000000e+04
4.2194528000e-02 3.9000000000e+01 1.3159000000e+04
4.2194640000e-02 3.8000000000e+01 8.4620000000e+03
4.2194944000e-02 4.0000000000e+01 2.9540000000e+03
4.2195744000e-02 3.7000000000e+01 4.2200000000e+02
4.2198704000e-02 1.1000000000e+01 5.5020000000e+03
6.2756320000e-03 1.1000000000e+01 8.0500000000e+02
3.7232960000e-02 5.0000000000e+00 3.4200000000e+02
5.4497632000e-02 3.0000000000e+01 2.9078000000e+04
5.4497888000e-02 3.5000000000e+01 7.2670000000e+03
5.4498128000e-02 3.6000000000e+01 3.5860000000e+03
5.4498384000e-02 3.4000000000e+01 1.7050000000e+03
3.3747952000e-02 2.1000000000e+01 2.7420000000e+04
3.3748016000e-02 2.0000000000e+01 9.9980000000e+03
3.3748192000e-02 6.2000000000e+01 1.0166000000e+04
3.3748256000e-02 6.1000000000e+01 6.8200000000e+03
1.7515984000e-02 3.1000000000e+01 4.1300000000e+02
1.3186592000e-02 1.7000000000e+01 2.5340000000e+04
1.3186896000e-02 4.3000000000e+01 7.0460000000e+03
1.3187344000e-02 4.4000000000e+01 2.6190000000e+03
2.9292448000e-02 1.2000000000e+01 1.8160000000e+03
1.6835936000e-02 3.0000000000e+00 1.5330000000e+03
1.1650432000e-02 1.3000000000e+01 4.4000000000e+02
4.1496192000e-02 4.0000000000e+00 1.6920000000e+03
3.6741120000e-03 8.0000000000e+00 5.9800000000e+02
1.5261248000e-02 3.1000000000e+01 5.0900000000e+02
1.2313088000e-02 1.7000000000e+01 4.1054000000e+04
1.2313328000e-02 4.1000000000e+01 1.0792000000e+04
1.2313360000e-02 4.2000000000e+01 9.6330000000e+03
1.2313856000e-02 4.3000000000e+01 2.3900000000e+03
1.2313888000e-02 4.0000000000e+01 2.0520000000e+03
1.2316544000e-02 1.8000000000e+01 4.3360000000e+03
1.8873776000e-02 1.7000000000e+01 5.1870000000e+03
2.1680480000e-03 2.0000000000e+00 3.5400000000e+02
4.0136576000e-02 5.0000000000e+00 3.3377000000e+04
4.0136624000e-02 6.0000000000e+00 1.4488000000e+04
4.0136752000e-02 4.6000000000e+01 1.2615000000e+04
4.0136832000e-02 4.7000000000e+01 9.1520000000e+03
4.0137616000e-02 4.5000000000e+01 1.3650000000e+03
1.9792368000e-02 1.2000000000e+01 4.3624000000e+04
1.9792560000e-02 5.0000000000e+01 1.7315000000e+04
1.9792656000e-02 5.1000000000e+01 8.2760000000e+03
1.9793056000e-02 4.9000000000e+01 3.1090000000e+03
4.3901360000e-02 0.0000000000e+00 2.0170000000e+03
3.8342176000e-02 4.0000000000e+00 4.1367000000e+04
3.8342272000e-02 3.0000000000e+00 1.4263000000e+04
3.8342320000e-02 4.6000000000e+01 1.2340000000e+04
3.8342384000e-02 4.7000000000e+01 9.7900000000e+03
3.8342864000e-02 4.5000000000e+01 1.9260000000e+03
3.8343184000e-02 4.8000000000e+01 7.9400000000e+02
3.8346144000e-02 5.0000000000e+00 7.8700000000e+03
3.8346640000e-02 2.0000000000e+00 4.2700000000e+03
2.9456992000e-02 3.1000000000e+01 9.9000000000e+02
4.5305888000e-02 1.1000000000e+01 2.0750000000e+04
4.5306080000e-02 1.0000000000e+01 3.1680000000e+03
4.5306208000e-02 4.5000000000e+01 6.6640000000e+03
4.5306480000e-02 4.4000000000e+01 4.3110000000e+03
1.1732880000e-02 1.4000000000e+01 2.0051000000e+04
1.1733136000e-02 5.0000000000e+01 7.4720000000e+03
1.1733200000e-02 1.5000000000e+01 1.9880000000e+03
1.1733328000e-02 4.9000000000e+01 3.7770000000e+03
1.1733728000e-02 5.1000000000e+01 1.1770000000e+03
4.0115680000e-02 4.0000000000e+00 9.5600000000e+02
2.0817888000e-02 1.1000000000e+01 4.2400000000e+04
2.0818080000e-02 4.4000000000e+01 1.4672000000e+04
2.0818192000e-02 4.5000000000e+01 7.3260000000e+03
2.0818432000e-02 4.3000000000e+01 3.8220000000e+03
4.0347776000e-02 2.0000000000e+00 1.9960000000e+03
8.4588160000e-03 1.1000000000e+01 3.6806000000e+04
8.4590720000e-03 5.3000000000e+01 9.7350000000e+03
8.4591520000e-03 5.2000000000e+01 7.4040000000e+03
8.5535040000e-03 1.1000000000e+01 5.1220000000e+03
3.7752320000e-03 3.1000000000e+01 1.8620000000e+03
4.2621984000e-02 5.0000000000e+00 2.5196000000e+04
4.2622256000e-02 4.1000000000e+01 7.5180000000e+03
4.2622832000e-02 4.0000000000e+01 1.9640000000e+03
4.2623264000e-02 4.2000000000e+01 8.1300000000e+02
2.4005696000e-02 0.0000000000e+00 3.2900000000e+02
1.0805856000e-02 1.1000000000e+01 1.5740000000e+04
1.0806320000e-02 4.2000000000e+01 4.1610000000e+03
1.0806912000e-02 4.1000000000e+01 1.2590000000e+03
8.6322400000e-03 5.0000000000e+00 1.7007000000e+04
8.6322560000e-03 4.0000000000e+00 1.7375000000e+04
8.6324960000e-03 5.3000000000e+01 7.5560000000e+03
8.6325600000e-03 5.4000000000e+01 6.1900000000e+03
5.8589168000e-02 4.0000000000e+00 1.7950000000e+03
1.6238064000e-02 2.0000000000e+00 7.2300000000e+02
3.6994240000e-03 9.0000000000e+00 1.0360000000e+03
4.7365632000e-02 5.0000000000e+00 3.4106000000e+04
4.7365728000e-02 6.0000000000e+00 1.1478000000e+04
4.7365760000e-02 4.2000000000e+01 1.3096000000e+04
4.7365968000e-02 4.1000000000e+01 5.0150000000e+03
4.7366144000e-02 4.3000000000e+01 3.3930000000e+03
8.8376960000e-03 1.0000000000e+01 6.3800000000e+02
5.1903168000e-02 6.0000000000e+00 1.2930000000e+03
5.1648832000e-02 1.0000000000e+00 1.1030000000e+03
5.4825760000e-02 1.4000000000e+01 1.5230000000e+03
4.3406048000e-02 6.0000000000e+00 1.1846000000e+04
4.3406096000e-02 5.0000000000e+00 1.2031000000e+04
4.3406240000e-02 5.6000000000e+01 7.7770000000e+03
4.3406448000e-02 5.7000000000e+01 3.5070000000e+03
1.5123920000e-02 1.0000000000e+00 4.3888000000e+04
1.5124160000e-02 3.4000000000e+01 7.6790000000e+03
1.5124176000e-02 3.5000000000e+01 7.4090000000e+03
1.5124816000e-02 3.3000000000e+01 1.4330000000e+03
1.5124912000e-02 3.6000000000e+01 1.2340000000e+03
1.5126992000e-02 2.0000000000e+00 6.1060000000e+03
1.5128352000e-02 0.0000000000e+00 8.0310000000e+03
3.9745552000e-02 1.7000000000e+01 2.2326000000e+04
3.9745904000e-02 4.5000000000e+01 5.6830000000e+03
3.9746880000e-02 4.4000000000e+01 9.3800000000e+02
4.5668496000e-02 1.1000000000e+01 4.3706000000e+04
4.5668688000e-02 3.9000000000e+01 1.7468000000e+04
4.5668864000e-02 3.8000000000e+01 9.0390000000e+03
4.5669056000e-02 4.0000000000e+01 4.0740000000e+03
4.5670016000e-02 3.7000000000e+01 5.0800000000e+02
4.5672400000e-02 1.2000000000e+01 3.3690000000e+03
1.9905664000e-02 2.0000000000e+01 8.6200000000e+02
1.3940720000e-02 3.1000000000e+01 8.5200000000e+02
5.1583824000e-02 1.1000000000e+01 2.1040000000e+03
8.8485280000e-03 5.0000000000e+00 1.8521000000e+04
8.8488000000e-03 4.1000000000e+01 5.4550000000e+03
8.8490560000e-03 4.0000000000e+01 2.7680000000e+03
4.2941856000e-02 4.6000000000e+01 8.6370000000e+03
4.2941968000e-02 4.7000000000e+01 6.4590000000e+03
4.2941584000e-02 1.7000000000e+01 3.1446000000e+04
2.5196032000e-02 1.0000000000e+01 1.3600000000e+03
2.7704256000e-02 1.0000000000e+01 8.2400000000e+02
4.3344544000e-02 9.0000000000e+00 3.0399000000e+04
4.3344672000e-02 8.0000000000e+00 1.8651000000e+04
4.3344768000e-02 4.2000000000e+01 1.3252000000e+04
4.3344864000e-02 4.1000000000e+01 8.9600000000e+03
4.3345392000e-02 4.3000000000e+01 2.2600000000e+03
9.6114080000e-03 4.0000000000e+00 4.8788000000e+04
9.6116480000e-03 5.0000000000e+01 1.2664000000e+04
9.6116960000e-03 5.1000000000e+01 9.9440000000e+03
9.6120800000e-03 4.9000000000e+01 3.7210000000e+03
9.6127360000e-03 5.2000000000e+01 7.8300000000e+02
5.8605840000e-02 2.0000000000e+00 1.7110000000e+03
1.4394224000e-02 0.0000000000e+00 1.3000000000e+01
6.8879680000e-03 1.2000000000e+01 3.5254000000e+04
6.8880480000e-03 1.3000000000e+01 1.0288000000e+04
6.8881760000e-03 4.3000000000e+01 1.6180000000e+04
6.8885280000e-03 4.4000000000e+01 5.1660000000e+03
6.8886400000e-03 4.2000000000e+01 3.7070000000e+03
1.4119984000e-02 2.4000000000e+01 1.2469000000e+04
1.4120496000e-02 5.6000000000e+01 3.4640000000e+03
1.4121056000e-02 5.7000000000e+01 9.2100000000e+02
3.7564640000e-03 3.1000000000e+01 2.5010000000e+03
1.0335488000e-02 1.1000000000e+01 1.7542000000e+04
1.0335840000e-02 4.0000000000e+01 4.5280000000e+03
1.0336192000e-02 3.9000000000e+01 2.0960000000e+03
1.7205712000e-02 1.0000000000e+01 2.4837000000e+04
1.7205872000e-02 1.1000000000e+01 6.4900000000e+03
1.7205984000e-02 5.0000000000e+01 9.4420000000e+03
1.7206112000e-02 5.1000000000e+01 5.2050000000e+03
1.7206688000e-02 4.9000000000e+01 1.8520000000e+03
3.8991856000e-02 1.9000000000e+01 1.5470000000e+03
4.1362352000e-02 1.8000000000e+01 2.3678000000e+04
4.1362608000e-02 1.7000000000e+01 7.1890000000e+03
4.1362624000e-02 4.7000000000e+01 7.7540000000e+03
4.1362672000e-02 4.8000000000e+01 5.9450000000e+03
4.7965424000e-02 1.0000000000e+00 1.9270000000e+03
8.1258880000e-03 5.0000000000e+00 4.5092000000e+04
8.1260320000e-03 4.5000000000e+01 1.6359000000e+04
8.1262560000e-03 4.6000000000e+01 5.2040000000e+03
8.1264320000e-03 4.4000000000e+01 4.2750000000e+03
8.1346560000e-03 5.0000000000e+00 2.6570000000e+03
5.9651696000e-02 3.1000000000e+01 1.3970000000e+03
2.9619008000e-02 1.1000000000e+01 1.0500000000e+03
3.2897824000e-02 1.1000000000e+01 1.6210000000e+03
1.8334336000e-02 3.1000000000e+01 2.6050000000e+03
1.4567408000e-02 2.6000000000e+01 2.4198000000e+04
1.4567536000e-02 2.7000000000e+01 1.3506000000e+04
3.8386880000e-03 2.2000000000e+01 1.1502000000e+04
3.8386880000e-03 1.2000000000e+01 1.1278000000e+04
3.8387040000e-03 2.3000000000e+01 1.1390000000e+04
3.8387040000e-03 1.3000000000e+01 1.1794000000e+04
3.8387040000e-03 2.1000000000e+01 1.1225000000e+04
3.8387200000e-03 1.8000000000e+01 1.1248000000e+04
3.8387200000e-03 2.0000000000e+01 1.1524000000e+04
3.8387360000e-03 1.7000000000e+01 1.1169000000e+04
3.8387360000e-03 2.5000000000e+01 1.1408000000e+04
3.8387360000e-03 1.0000000000e+01 1.0969000000e+04
3.8387360000e-03 1.5000000000e+01 1.1286000000e+04
3.8387360000e-03 2.4000000000e+01 1.1325000000e+04
3.8387360000e-03 2.9000000000e+01 1.1485000000e+04
3.8387520000e-03 1.6000000000e+01 1.1402000000e+04
3.8387520000e-03 1.4000000000e+01 1.1355000000e+04
3.8387520000e-03 1.1000000000e+01 1.1240000000e+04
3.8387680000e-03 2.8000000000e+01 1.1662000000e+04
3.8387680000e-03 9.0000000000e+00 1.1380000000e+04
3.8387680000e-03 6.0000000000e+00 1.1457000000e+04
3.8387840000e-03 3.0000000000e+01 1.1497000000e+04
3.8388000000e-03 2.6000000000e+01 1.1421000000e+04
3.8388000000e-03 1.9000000000e+01 1.1413000000e+04
3.8388160000e-03 2.7000000000e+01 1.1361000000e+04
3.8388160000e-03 8.0000000000e+00 1.1383000000e+04
3.8388160000e-03 7.0000000000e+00 1.1694000000e+04
3.8388640000e-03 5.0000000000e+00 1.1636000000e+04
3.8389440000e-03 3.1000000000e+01 1.0632000000e+04
3.8398720000e-03 4.0000000000e+00 3.4800000000e+02
3.8401920000e-03 3.0000000000e+00 5.5840000000e+03
3.8402080000e-03 2.0000000000e+00 4.5310000000e+03
3.8402880000e-03 0.0000000000e+00 4.8040000000e+03
3.8403520000e-03 1.0000000000e+00 3.8250000000e+03
5.2570080000e-03 0.0000000000e+00 1.4850000000e+03
6.5853120000e-03 1.7000000000e+01 2.0706000000e+04
6.5854560000e-03 1.8000000000e+01 1.0337000000e+04
6.5855520000e-03 5.2000000000e+01 8.9230000000e+03
6.5858560000e-03 5.3000000000e+01 3.4580000000e+03
6.5860800000e-03 5.1000000000e+01 2.0170000000e+03
3.2922880000e-03 8.0000000000e+00 7.7100000000e+02
1.3025296000e-02 5.0000000000e+00 1.6543000000e+04
1.3025664000e-02 4.1000000000e+01 4.2820000000e+03
1.3026160000e-02 4.0000000000e+01 1.6220000000e+03
4.0309504000e-02 1.7000000000e+01 3.0058000000e+04
4.0309584000e-02 1.8000000000e+01 9.8130000000e+03
4.0309664000e-02 4.1000000000e+01 1.3538000000e+04
4.0309920000e-02 4.0000000000e+01 4.6930000000e+03
4.0310240000e-02 4.2000000000e+01 2.7180000000e+03
1.2293936000e-02 1.0000000000e+00 4.0900000000e+02
4.2792176000e-02 9.0000000000e+00 6.2100000000e+02
3.3082032000e-02 1.5000000000e+01 9.0600000000e+02
4.4833760000e-02 6.0000000000e+00 1.3130000000e+03
1.1843088000e-02 2.0000000000e+00 6.7400000000e+02
2.9531008000e-02 2.0000000000e+01 1.6450000000e+03
3.9772592000e-02 1.7000000000e+01 7.0000000000e+02
1.5325920000e-02 1.7000000000e+01 4.1360000000e+04
1.5326208000e-02 4.1000000000e+01 1.2352000000e+04
1.5326240000e-02 4.2000000000e+01 9.9130000000e+03
1.5326704000e-02 4.0000000000e+01 2.9890000000e+03
1.5326832000e-02 4.3000000000e+01 2.4340000000e+03
1.5329376000e-02 1.8000000000e+01 4.2580000000e+03
3.8009888000e-02 1.8000000000e+01 3.1194000000e+04
3.8010064000e-02 1.7000000000e+01 1.4045000000e+04
3.8010080000e-02 4.8000000000e+01 1.3047000000e+04
3.8010208000e-02 4.7000000000e+01 8.1060000000e+03
3.8010464000e-02 4.9000000000e+01 3.2640000000e+03
3.8011248000e-02 4.6000000000e+01 1.6700000000e+02
3.8014464000e-02 1.9000000000e+01 3.6480000000e+03
4.1767728000e-02 1.8000000000e+01 1.0352000000e+04
4.1768144000e-02 5.0000000000e+01 2.6890000000e+03
1.4429120000e-03 6.0000000000e+00 7.2000000000e+01
1.4374272000e-02 3.1000000000e+01 2.8990000000e+03
9.4237120000e-03 4.0000000000e+00 3.6809000000e+04
9.4239840000e-03 4.2000000000e+01 1.0337000000e+04
9.4241920000e-03 4.3000000000e+01 5.1190000000e+03
9.4245760000e-03 4.1000000000e+01 2.2360000000e+03
9.4277920000e-03 5.0000000000e+00 6.0720000000e+03
4.0591680000e-02 0.0000000000e+00 3.8100000000e+02
2.4978864000e-02 5.0000000000e+00 3.8700000000e+02
5.8799248000e-02 1.2000000000e+01 2.1330000000e+03
5.8799376000e-02 1.3000000000e+01 1.7810000000e+03
5.6290736000e-02 6.0000000000e+00 1.6500000000e+03
2.8858864000e-02 1.0000000000e+01 1.2410000000e+03
5.5565056000e-02 3.1000000000e+01 2.9100000000e+02
3.8244624000e-02 1.7000000000e+01 3.5731000000e+04
3.8244864000e-02 4.1000000000e+01 1.4991000000e+04
3.8245184000e-02 4.0000000000e+01 4.4030000000e+03
3.8245280000e-02 4.2000000000e+01 3.9000000000e+03
3.8245728000e-02 1.8000000000e+01 6.3100000000e+02
4.2546912000e-02 2.5000000000e+01 1.1216000000e+04
4.2547232000e-02 2.4000000000e+01 1.5280000000e+03
4.2547568000e-02 5.0000000000e+01 2.7070000000e+03
4.2547728000e-02 4.9000000000e+01 1.9920000000e+03
8.1707520000e-03 0.0000000000e+00 2.5230000000e+04
8.1714240000e-03 5.8000000000e+01 2.6890000000e+03
8.1715200000e-03 5.7000000000e+01 2.2000000000e+03
4.4917840000e-02 2.4000000000e+01 1.5022000000e+04
4.4918368000e-02 4.2000000000e+01 3.9180000000e+03
7.1982400000e-03 1.0000000000e+01 4.4709000000e+04
7.1984640000e-03 4.3000000000e+01 1.7433000000e+04
7.1986080000e-03 4.2000000000e+01 7.4720000000e+03
7.1988160000e-03 4.4000000000e+01 4.9860000000e+03
7.1995680000e-03 4.1000000000e+01 4.3600000000e+02
7.2022080000e-03 9.0000000000e+00 3.8140000000e+03
2.4110640000e-02 2.1000000000e+01 1.9689000000e+04
2.4110992000e-02 5.1000000000e+01 4.8510000000e+03
2.4111152000e-02 5.2000000000e+01 3.5890000000e+03
4.9283680000e-03 3.1000000000e+01 2.0920000000e+03
2.2701600000e-03 6.0000000000e+00 1.5590000000e+03
4.0857440000e-02 2.4000000000e+01 1.1154000000e+04
4.0858000000e-02 5.1000000000e+01 2.8390000000e+03
4.1321280000e-02 1.1000000000e+01 2.4929000000e+04
4.1321552000e-02 4.2000000000e+01 7.4280000000e+03
4.1321920000e-02 4.1000000000e+01 2.7370000000e+03
4.1322400000e-02 4.3000000000e+01 1.0450000000e+03
3.1750704000e-02 1.0000000000e+00 2.5300000000e+02
5.8188736000e-02 1.5000000000e+01 1.5900000000e+03
1.7970608000e-02 0.0000000000e+00 1.4570000000e+03
8.4800000000e-07 2.4000000000e+01 3.6700000000e+02
4.5054144000e-02 5.0000000000e+00 3.4330000000e+03
8.9620800000e-03 6.0000000000e+00 2.3831000000e+04
8.9621280000e-03 5.0000000000e+00 2.8731000000e+04
8.9622240000e-03 4.6000000000e+01 1.7463000000e+04
8.9624160000e-03 4.7000000000e+01 7.3790000000e+03
8.9627040000e-03 4.5000000000e+01 3.2250000000e+03
1.6469968000e-02 1.7000000000e+01 6.7050000000e+03
1.6470784000e-02 5.1000000000e+01 1.2370000000e+03
8.2973600000e-03 3.1000000000e+01 1.4990000000e+03
6.8196000000e-03 1.3000000000e+01 2.3290000000e+03
1.0223808000e-02 2.4000000000e+01 8.8120000000e+03
1.0223968000e-02 2.3000000000e+01 3.7350000000e+03
1.0224288000e-02 3.8000000000e+01 3.8500000000e+03
1.0224624000e-02 3.9000000000e+01 1.9380000000e+03
5.2552464000e-02 1.0000000000e+00 6.9900000000e+02
7.3141440000e-03 1.1000000000e+01 3.0495000000e+04
7.3144480000e-03 4.3000000000e+01 6.9750000000e+03
7.3145120000e-03 4.4000000000e+01 6.1970000000e+03
1.1908032000e-02 0.0000000000e+00 2.7450000000e+04
1.1908512000e-02 5.6000000000e+01 3.6460000000e+03
1.1909120000e-02 5.7000000000e+01 8.6300000000e+02
2.0778672000e-02 3.1000000000e+01 2.0900000000e+03
3.7533280000e-02 5.0000000000e+00 1.9085000000e+04
3.7533696000e-02 5.0000000000e+01 4.9220000000e+03
3.7534384000e-02 4.9000000000e+01 1.2430000000e+03
4.5465904000e-02 1.6000000000e+01 1.7490000000e+03
5.6051600000e-02 6.0000000000e+00 4.9300000000e+02
1.4200320000e-02 1.0000000000e+00 8.5000000000e+02
8.5243040000e-03 5.0000000000e+00 1.0488000000e+04
8.5246240000e-03 4.0000000000e+00 2.2820000000e+03
8.5248000000e-03 4.7000000000e+01 3.3530000000e+03
8.5250080000e-03 4.8000000000e+01 2.2490000000e+03
3.9558928000e-02 4.7000000000e+01 7.7580000000e+03
3.9559456000e-02 4.6000000000e+01 2.2800000000e+03
3.9559600000e-02 4.8000000000e+01 1.9300000000e+03
3.9558608000e-02 1.1000000000e+01 2.7206000000e+04
1.4174704000e-02 2.4000000000e+01 2.2576000000e+04
1.4174992000e-02 4.5000000000e+01 4.6680000000e+03
1.4175136000e-02 4.4000000000e+01 4.2510000000e+03
4.4163520000e-02 1.3000000000e+01 1.9043000000e+04
4.4163920000e-02 4.7000000000e+01 4.0030000000e+03
4.4163920000e-02 4.6000000000e+01 3.6700000000e+03
1.2737168000e-02 1.8000000000e+01 2.1004000000e+04
1.2737360000e-02 1.7000000000e+01 4.2550000000e+03
1.2737536000e-02 5.3000000000e+01 5.7030000000e+03
1.2737568000e-02 5.2000000000e+01 5.4280000000e+03
3.0358384000e-02 3.1000000000e+01 1.1250000000e+03
4.0008608000e-02 1.8000000000e+01 2.0937000000e+04
4.0008864000e-02 1.7000000000e+01 6.4270000000e+03
4.0008880000e-02 3.9000000000e+01 7.6970000000e+03
4.0009024000e-02 4.0000000000e+01 4.7430000000e+03
4.0659632000e-02 1.0000000000e+01 2.7234000000e+04
4.0659888000e-02 4.6000000000e+01 8.2820000000e+03
4.0660080000e-02 4.5000000000e+01 4.2790000000e+03
4.0660544000e-02 4.7000000000e+01 1.3670000000e+03
1.1452752000e-02 6.0000000000e+00 4.1329000000e+04
1.1452944000e-02 4.8000000000e+01 1.4739000000e+04
1.1453136000e-02 4.7000000000e+01 5.4290000000e+03
1.1453216000e-02 4.9000000000e+01 5.2470000000e+03
1.1457648000e-02 7.0000000000e+00 4.6970000000e+03
2.3425776000e-02 8.0000000000e+00 3.6000000000e+02
1.7614208000e-02 5.0000000000e+00 1.0769000000e+04
1.7614832000e-02 4.7000000000e+01 2.5210000000e+03
3.1758608000e-02 3.1000000000e+01 2.3140000000e+03
1.0746720000e-02 1.2000000000e+01 4.2157000000e+04
1.0746928000e-02 5.2000000000e+01 1.3746000000e+04
1.0747008000e-02 5.1000000000e+01 1.0652000000e+04
1.0747632000e-02 5.3000000000e+01 1.8260000000e+03
3.9738304000e-02 3.0000000000e+00 3.9698000000e+04
3.9738576000e-02 4.8000000000e+01 7.3090000000e+03
3.9738608000e-02 4.9000000000e+01 6.8980000000e+03
3.9739280000e-02 4.7000000000e+01 1.3610000000e+03
3.9739728000e-02 5.0000000000e+01 4.2700000000e+02
3.9742544000e-02 2.0000000000e+00 7.3990000000e+03
2.0389248000e-02 0.0000000000e+00 6.0900000000e+02
1.2465968000e-02 9.0000000000e+00 1.0200000000e+03
3.9934144000e-02 1.7000000000e+01 3.3546000000e+04
3.9934400000e-02 5.3000000000e+01 8.6790000000e+03
3.9934624000e-02 5.2000000000e+01 4.1480000000e+03
3.9934944000e-02 5.4000000000e+01 2.1770000000e+03
3.9909360000e-02 0.0000000000e+00 1.8100000000e+03
4.8611520000e-03 1.5000000000e+01 4.4900000000e+02
4.8388912000e-02 3.0000000000e+00 6.4600000000e+02
1.5553984000e-02 1.0000000000e+01 1.3931000000e+04
1.5554496000e-02 4.1000000000e+01 3.7000000000e+03
1.5554704000e-02 4.0000000000e+01 2.3690000000e+03
4.4974528000e-02 1.0000000000e+01 2.7902000000e+04
4.4974608000e-02 1.1000000000e+01 2.2745000000e+04
4.4974720000e-02 4.8000000000e+01 1.2037000000e+04
4.4974736000e-02 4.7000000000e+01 1.1971000000e+04
4.4975568000e-02 4.9000000000e+01 8.9200000000e+02
4.4975616000e-02 4.6000000000e+01 9.0200000000e+02
8.4207360000e-03 2.5000000000e+01 6.6560000000e+03
8.4210080000e-03 2.4000000000e+01 1.7230000000e+03
8.4213600000e-03 4.8000000000e+01 1.6260000000e+03
8.4216480000e-03 4.9000000000e+01 9.6700000000e+02
1.8851408000e-02 9.0000000000e+00 5.7904000000e+04
1.8851616000e-02 6.2000000000e+01 2.0820000000e+04
1.8852304000e-02 6.1000000000e+01 1.7190000000e+03
1.8852400000e-02 6.0000000000e+01 4.1400000000e+02
1.8854368000e-02 1.0000000000e+01 1.0799000000e+04
1.8858144000e-02 8.0000000000e+00 5.7210000000e+03
3.6972192000e-02 6.0000000000e+00 2.9700000000e+03
4.1968976000e-02 3.1000000000e+01 5.4900000000e+03
3.8089072000e-02 9.0000000000e+00 1.3590000000e+03
2.4117984000e-02 3.1000000000e+01 3.3090000000e+03
4.3433168000e-02 1.6000000000e+01 1.1990000000e+03
6.8848480000e-03 1.6000000000e+01 1.8820000000e+03
4.1368512000e-02 5.0000000000e+00 2.2146000000e+04
4.1368672000e-02 6.0000000000e+00 1.4283000000e+04
4.1368768000e-02 5.7000000000e+01 1.0151000000e+04
4.1368912000e-02 5.8000000000e+01 6.6840000000e+03
4.1373184000e-02 4.0000000000e+00 3.9190000000e+03
2.9134752000e-02 1.1000000000e+01 1.9180000000e+03
5.7415456000e-02 7.0000000000e+00 1.1350000000e+03
1.5581744000e-02 5.0000000000e+00 2.8763000000e+04
1.5581968000e-02 4.2000000000e+01 9.4950000000e+03
1.5582144000e-02 6.0000000000e+00 3.0190000000e+03
1.5582272000e-02 4.3000000000e+01 3.5580000000e+03
1.5582400000e-02 4.1000000000e+01 2.5780000000e+03
1.3182656000e-02 1.8000000000e+01 1.3705000000e+04
1.3182656000e-02 1.9000000000e+01 1.6741000000e+04
1.3182864000e-02 4.7000000000e+01 9.4560000000e+03
1.3183024000e-02 4.8000000000e+01 5.2280000000e+03
1.3183568000e-02 4.6000000000e+01 1.5810000000e+03
3.0608592000e-02 1.2000000000e+01 2.9180000000e+03
2.7610848000e-02 1.2000000000e+01 2.2610000000e+03
4.3947664000e-02 2.4000000000e+01 2.2038000000e+04
4.3947760000e-02 2.5000000000e+01 1.7569000000e+04
4.3947984000e-02 6.2000000000e+01 7.5620000000e+03
5.1379008000e-02 5.0000000000e+00 1.5590000000e+03
3.7504512000e-02 3.1000000000e+01 2.6580000000e+03
3.9874304000e-02 1.1000000000e+01 3.5175000000e+04
3.9874544000e-02 5.0000000000e+01 1.2854000000e+04
3.9874832000e-02 5.1000000000e+01 4.5330000000e+03
3.9874880000e-02 1.2000000000e+01 9.8100000000e+02
3.9875152000e-02 4.9000000000e+01 2.8210000000e+03
2.4018432000e-02 3.1000000000e+01 8.7100000000e+02
1.2858032000e-02 2.3000000000e+01 2.5199000000e+04
1.2858160000e-02 2.4000000000e+01 1.5844000000e+04
1.2858288000e-02 5.3000000000e+01 1.0730000000e+04
1.2858368000e-02 5.2000000000e+01 7.7360000000e+03
3.7923104000e-02 1.8000000000e+01 2.4312000000e+04
3.7923376000e-02 5.0000000000e+01 6.4530000000e+03
3.7924064000e-02 5.1000000000e+01 1.0490000000e+03
2.7262224000e-02 6.0000000000e+00 3.5000000000e+02
2.6817440000e-02 6.0000000000e+00 2.2209000000e+04
2.6817440000e-02 5.0000000000e+00 3.2389000000e+04
2.6817632000e-02 4.6000000000e+01 1.2875000000e+04
2.6817648000e-02 4.5000000000e+01 1.0860000000e+04
2.6818304000e-02 4.7000000000e+01 2.1820000000e+03
2.6818912000e-02 4.4000000000e+01 7.8000000000e+02
4.9561872000e-02 9.0000000000e+00 1.5080000000e+03
5.4712960000e-03 2.8000000000e+01 1.2030000000e+03
8.6776480000e-03 1.8000000000e+01 8.9800000000e+02
4.0950848000e-02 3.1000000000e+01 1.3890000000e+03
4.1512416000e-02 1.4000000000e+01 1.3830000000e+03
3.9203648000e-02 3.0000000000e+00 2.6840000000e+03
4.0240000000e-02 1.1000000000e+01 4.7245000000e+04
4.0240176000e-02 4.1000000000e+01 1.6260000000e+04
4.0240336000e-02 4.2000000000e+01 8.5560000000e+03
4.0240336000e-02 4.0000000000e+01 6.5440000000e+03
4.0243392000e-02 1.2000000000e+01 5.5230000000e+03
4.3299360000e-02 1.1000000000e+01 8.6560000000e+03
4.7742320000e-02 7.0000000000e+00 1.9130000000e+03
3.2878448000e-02 2.2000000000e+01 1.3290000000e+03
3.2878448000e-02 1.2000000000e+01 1.4490000000e+03
3.2878448000e-02 2.3000000000e+01 1.3680000000e+03
3.2878480000e-02 2.1000000000e+01 1.4590000000e+03
3.2878496000e-02 2.0000000000e+01 1.3360000000e+03
3.2878496000e-02 1.6000000000e+01 1.5170000000e+03
3.2878512000e-02 1.3000000000e+01 1.3320000000e+03
3.2878512000e-02 1.0000000000e+01 1.2890000000e+03
3.2878528000e-02 1.5000000000e+01 1.3920000000e+03
3.2878528000e-02 2.8000000000e+01 1.3680000000e+03
3.2878544000e-02 1.7000000000e+01 1.3120000000e+03
3.2878544000e-02 2.9000000000e+01 1.3950000000e+03
3.2878544000e-02 1.8000000000e+01 1.3040000000e+03
3.2878560000e-02 2.6000000000e+01 1.3430000000e+03
3.2878560000e-02 2.4000000000e+01 1.2410000000e+03
3.2878576000e-02 1.4000000000e+01 1.4270000000e+03
3.2878592000e-02 9.0000000000e+00 1.2670000000e+03
3.2878592000e-02 2.5000000000e+01 1.3390000000e+03
3.2878592000e-02 1.1000000000e+01 1.2160000000e+03
3.2878640000e-02 2.7000000000e+01 1.2920000000e+03
3.2878640000e-02 1.9000000000e+01 1.2590000000e+03
3.2878640000e-02 6.0000000000e+00 1.0870000000e+03
3.2878688000e-02 5.0000000000e+00 1.3320000000e+03
3.2878704000e-02 7.0000000000e+00 1.1910000000e+03
3.2878704000e-02 3.0000000000e+01 1.0400000000e+03
3.2878704000e-02 8.0000000000e+00 1.1730000000e+03
3.2878832000e-02 3.1000000000e+01 9.7000000000e+02
5.3558448000e-02 9.0000000000e+00 2.9630000000e+03
3.0196320000e-03 8.0000000000e+00 3.2469000000e+04
3.0196800000e-03 9.0000000000e+00 2.1493000000e+04
3.0197600000e-03 5.3000000000e+01 1.5692000000e+04
3.0198720000e-03 5.4000000000e+01 8.1550000000e+03
3.0201760000e-03 5.2000000000e+01 3.5250000000e+03
3.6465136000e-02 6.0000000000e+00 1.6900000000e+03
4.6159952000e-02 5.0000000000e+01 9.1420000000e+03
4.6160048000e-02 4.9000000000e+01 6.2760000000e+03
4.6160848000e-02 5.1000000000e+01 6.3600000000e+02
4.6159696000e-02 2.4000000000e+01 3.0256000000e+04
4.6159888000e-02 2.3000000000e+01 5.1590000000e+03
1.7112448000e-02 2.1000000000e+01 1.5250000000e+03
7.4188800000e-03 5.0000000000e+00 3.6050000000e+03
4.5266160000e-02 5.0000000000e+00 4.0465000000e+04
4.5266368000e-02 4.3000000000e+01 1.2652000000e+04
4.5266720000e-02 4.2000000000e+01 3.4810000000e+03
4.5266736000e-02 4.4000000000e+01 4.0900000000e+03
4.5237888000e-02 1.0000000000e+01 2.1968000000e+04
4.5238304000e-02 4.5000000000e+01 4.4000000000e+03
4.5238368000e-02 4.4000000000e+01 4.5720000000e+03
4.0670288000e-02 1.1000000000e+01 2.6787000000e+04
4.0670480000e-02 4.7000000000e+01 7.9620000000e+03
4.0670848000e-02 4.8000000000e+01 2.5630000000e+03
4.0671136000e-02 4.6000000000e+01 1.3450000000e+03
5.1738752000e-02 1.1000000000e+01 9.5100000000e+02
3.3821760000e-02 5.0000000000e+00 2.1280000000e+03
1.3951136000e-02 1.1000000000e+01 1.6137000000e+04
1.3951344000e-02 1.2000000000e+01 4.2760000000e+03
1.3951440000e-02 4.7000000000e+01 6.3730000000e+03
1.3951888000e-02 4.8000000000e+01 2.2860000000e+03
8.8911520000e-03 1.7000000000e+01 1.6076000000e+04
8.8915680000e-03 5.2000000000e+01 4.3800000000e+03
8.8923840000e-03 5.3000000000e+01 6.3200000000e+02
9.7549440000e-03 6.0000000000e+00 2.9200000000e+02
8.6937920000e-03 2.0000000000e+00 2.3600000000e+02
4.4526064000e-02 1.6000000000e+01 1.1920000000e+03
5.1839392000e-02 1.7000000000e+01 2.9531000000e+04
5.1839648000e-02 3.9000000000e+01 7.6610000000e+03
5.1839824000e-02 4.0000000000e+01 4.4040000000e+03
5.1844016000e-02 1.6000000000e+01 3.9240000000e+03
3.6988480000e-02 5.0000000000e+00 5.5080000000e+03
1.0252512000e-02 1.1000000000e+01 3.5240000000e+03
4.6355920000e-02 2.6000000000e+01 3.4800000000e+02
4.9045120000e-02 1.2000000000e+01 1.7273000000e+04
4.9045584000e-02 5.2000000000e+01 4.2390000000e+03
4.9046016000e-02 5.3000000000e+01 2.0100000000e+03
2.4763728000e-02 6.0000000000e+00 3.6221000000e+04
2.4764016000e-02 5.9000000000e+01 1.0072000000e+04
2.4764112000e-02 5.8000000000e+01 6.9950000000e+03
3.8953440000e-03 3.1000000000e+01 2.4580000000e+03
1.4421392000e-02 1.0000000000e+01 4.5000000000e+02
4.6662176000e-02 4.0000000000e+00 2.0510000000e+03
4.6103568000e-02 6.0000000000e+00 3.1458000000e+04
4.6103776000e-02 5.1000000000e+01 1.0748000000e+04
4.6104304000e-02 5.2000000000e+01 2.5940000000e+03
4.6104432000e-02 5.0000000000e+01 2.3220000000e+03
9.9867200000e-03 3.1000000000e+01 1.4840000000e+03
1.3271936000e-02 3.0000000000e+01 2.8846000000e+04
1.3272272000e-02 4.2000000000e+01 5.6540000000e+03
1.3272368000e-02 4.3000000000e+01 4.3470000000e+03
1.3273152000e-02 4.1000000000e+01 4.4100000000e+02
1.9627088000e-02 1.5000000000e+01 1.4320000000e+03
3.8188256000e-02 2.0000000000e+01 2.1110000000e+03
3.1060464000e-02 8.0000000000e+00 1.8830000000e+03
5.6801296000e-02 3.0000000000e+01 8.0430000000e+03
3.8794496000e-02 3.1000000000e+01 1.2280000000e+03
4.0148880000e-02 4.0000000000e+00 3.2354000000e+04
4.0149248000e-02 4.2000000000e+01 6.8780000000e+03
4.0149408000e-02 4.3000000000e+01 4.6980000000e+03
4.0150272000e-02 4.1000000000e+01 7.3200000000e+02
4.0153056000e-02 5.0000000000e+00 4.9940000000e+03
