2.0000000000e+01 7.7100000000e+00 3.8293000000e-02 1.9603000000e+04 7.1820000000e+03 1.0000000000e+00 3.0000000000e+00
2.0000000000e+01 -1.0000000000e+00 3.9224000000e-02 1.2199000000e+04 0.0000000000e+00 1.0000000000e+00 0.0000000000e+00
0.0000000000e+00 -1.0000000000e+00 4.1783000000e-02 4.3000000000e+02 0.0000000000e+00 1.0000000000e+00 0.0000000000e+00
9.0000000000e+00 -1.0000000000e+00 1.4853000000e-02 5.2300000000e+02 0.0000000000e+00 1.0000000000e+00 0.0000000000e+00
1.5000000000e+01 -1.0000000000e+00 2.9095000000e-02 1.3410000000e+03 0.0000000000e+00 1.0000000000e+00 0.0000000000e+00
2.1720000000e+01 2.3940000000e+01 1.9201000000e-02 3.8077000000e+04 2.0481000000e+04 2.0000000000e+00 3.0000000000e+00
2.1000000000e+01 1.0510000000e+01 4.2617000000e-02 2.1345000000e+04 8.4740000000e+03 1.0000000000e+00 2.0000000000e+00
1.9000000000e+01 1.3500000000e+01 3.8149000000e-02 3.2943000000e+04 1.3164000000e+04 1.0000000000e+00 2.0000000000e+00
2.3060000000e+01 -1.0000000000e+00 1.3680000000e-02 1.8830000000e+04 0.0000000000e+00 2.0000000000e+00 0.0000000000e+00
2.0400000000e+01 -1.0000000000e+00 4.1391000000e-02 1.6916000000e+04 0.0000000000e+00 2.0000000000e+00 0.0000000000e+00
3.1000000000e+01 -1.0000000000e+00 9.8080000000e-03 1.3400000000e+02 0.0000000000e+00 1.0000000000e+00 0.0000000000e+00
1.2000000000e+01 -1.0000000000e+00 2.4637000000e-02 4.8000000000e+02 0.0000000000e+00 1.0000000000e+00 0.0000000000e+00
2.0000000000e+01 -1.0000000000e+00 3.6941000000e-02 9.9660000000e+03 0.0000000000e+00 1.0000000000e+00 0.0000000000e+00
5.0000000000e+00 8.5800000000e+00 4.4141000000e-02 1.2547000000e+04 5.4050000000e+03 1.0000000000e+00 2.0000000000e+00
6.0000000000e+00 2.3890000000e+01 1.1039000000e-02 3.4286000000e+04 1.8814000000e+04 1.0000000000e+00 3.0000000000e+00
1.9000000000e+01 -1.0000000000e+00 1.2487000000e-02 1.0910000000e+03 0.0000000000e+00 1.0000000000e+00 0.0000000000e+00
2.0000000000e+01 1.5380000000e+01 3.9892000000e-02 4.0753000000e+04 2.6309000000e+04 1.0000000000e+00 4.0000000000e+00
1.5000000000e+01 -1.0000000000e+00 4.3263000000e-02 9.0100000000e+02 0.0000000000e+00 1.0000000000e+00 0.0000000000e+00
2.0000000000e+01 5.6700000000e+00 5.5910000000e-02 1.8238000000e+04 6.4660000000e+03 1.0000000000e+00 2.0000000000e+00
5.0000000000e+00 -1.0000000000e+00 7.7520000000e-03 4.2900000000e+03 0.0000000000e+00 1.0000000000e+00 0.0000000000e+00
5.0000000000e+00 -1.0000000000e+00 4.1577000000e-02 4.7460000000e+03 0.0000000000e+00 1.0000000000e+00 0.0000000000e+00
2.0520000000e+01 -1.0000000000e+00 4.5684000000e-02 4.6513000000e+04 0.0000000000e+00 2.0000000000e+00 0.0000000000e+00
2.1000000000e+01 1.5000000000e+01 4.7688000000e-02 1.1147000000e+04 8.0200000000e+02 1.0000000000e+00 1.0000000000e+00
2.0600000000e+01 1.0710000000e+01 5.6273000000e-02 3.6115000000e+04 1.8672000000e+04 2.0000000000e+00 3.0000000000e+00
2.0430000000e+01 1.6180000000e+01 6.0550000000e-03 2.0547000000e+04 9.9800000000e+03 2.0000000000e+00 3.0000000000e+00
5.0000000000e+00 -1.0000000000e+00 1.5766000000e-02 1.4859000000e+04 0.0000000000e+00 1.0000000000e+00 0.0000000000e+00
2.0000000000e+01 1.3000000000e+01 3.7892000000e-02 3.8941000000e+04 2.0333000000e+04 1.0000000000e+00 3.0000000000e+00
1.9000000000e+01 -1.0000000000e+00 3.7896000000e-02 3.6270000000e+03 0.0000000000e+00 1.0000000000e+00 0.0000000000e+00
2.1650000000e+01 1.5650000000e+01 4.4528000000e-02 2.4030000000e+04 1.1367000000e+04 2.0000000000e+00 3.0000000000e+00
5.1700000000e+00 -1.0000000000e+00 4.6879000000e-02 4.1871000000e+04 0.0000000000e+00 2.0000000000e+00 0.0000000000e+00
4.0000000000e+00 -1.0000000000e+00 4.6884000000e-02 4.3300000000e+03 0.0000000000e+00 1.0000000000e+00 0.0000000000e+00
1.9000000000e+01 -1.0000000000e+00 4.2539000000e-02 7.5700000000e+03 0.0000000000e+00 1.0000000000e+00 0.0000000000e+00
6.0000000000e+00 -1.0000000000e+00 4.4154000000e-02 4.0170000000e+03 0.0000000000e+00 1.0000000000e+00 0.0000000000e+00
2.1090000000e+01 -1.0000000000e+00 1.3019000000e-02 2.3252000000e+04 0.0000000000e+00 2.0000000000e+00 0.0000000000e+00
5.0000000000e+00 -1.0000000000e+00 4.7890000000e-02 4.7600000000e+03 0.0000000000e+00 1.0000000000e+00 0.0000000000e+00
4.2900000000e+00 -1.0000000000e+00 9.0460000000e-03 1.8645000000e+04 0.0000000000e+00 2.0000000000e+00 0.0000000000e+00
2.0000000000e+01 -1.0000000000e+00 4.5172000000e-02 3.6573000000e+04 0.0000000000e+00 1.0000000000e+00 0.0000000000e+00
2.3040000000e+01 -1.0000000000e+00 4.4713000000e-02 3.4302000000e+04 0.0000000000e+00 2.0000000000e+00 0.0000000000e+00
2.1000000000e+01 -1.0000000000e+00 1.1971000000e-02 1.2153000000e+04 0.0000000000e+00 1.0000000000e+00 0.0000000000e+00
1.8970000000e+01 -1.0000000000e+00 5.9360000000e-03 1.5874000000e+04 0.0000000000e+00 2.0000000000e+00 0.0000000000e+00
2.1860000000e+01 1.8480000000e+01 1.1692000000e-02 1.6044000000e+04 7.4050000000e+03 2.0000000000e+00 2.0000000000e+00
1.9380000000e+01 -1.0000000000e+00 4.6891000000e-02 6.2440000000e+03 0.0000000000e+00 2.0000000000e+00 0.0000000000e+00
1.8000000000e+01 -1.0000000000e+00 6.5060000000e-03 1.9560000000e+03 0.0000000000e+00 1.0000000000e+00 0.0000000000e+00
2.1000000000e+01 -1.0000000000e+00 6.7340000000e-03 1.9873000000e+04 0.0000000000e+00 1.0000000000e+00 0.0000000000e+00
2.0000000000e+01 -1.0000000000e+00 3.6717000000e-02 2.5175000000e+04 0.0000000000e+00 1.0000000000e+00 0.0000000000e+00
2.0000000000e+01 -1.0000000000e+00 1.4466000000e-02 2.6357000000e+04 0.0000000000e+00 1.0000000000e+00 0.0000000000e+00
2.1000000000e+01 -1.0000000000e+00 2.6284000000e-02 1.9252000000e+04 0.0000000000e+00 1.0000000000e+00 0.0000000000e+00
6.1500000000e+00 1.0780000000e+01 4.9634000000e-02 2.7103000000e+04 1.1225000000e+04 2.0000000000e+00 3.0000000000e+00
7.0000000000e+00 2.6360000000e+01 4.4150000000e-02 1.9296000000e+04 8.0390000000e+03 1.0000000000e+00 2.0000000000e+00
2.1000000000e+01 1.1000000000e+01 1.0679000000e-02 7.0970000000e+03 1.3730000000e+03 1.0000000000e+00 1.0000000000e+00
2.0000000000e+01 5.6000000000e+00 1.4473000000e-02 1.1112000000e+04 3.3750000000e+03 1.0000000000e+00 2.0000000000e+00
5.0000000000e+00 1.4020000000e+01 3.7988000000e-02 3.7247000000e+04 1.8046000000e+04 1.0000000000e+00 3.0000000000e+00
4.0000000000e+00 -1.0000000000e+00 3.7993000000e-02 4.2900000000e+03 0.0000000000e+00 1.0000000000e+00 0.0000000000e+00
5.0000000000e+00 1.0350000000e+01 7.4470000000e-03 3.4315000000e+04 1.5582000000e+04 1.0000000000e+00 3.0000000000e+00
4.0000000000e+00 -1.0000000000e+00 7.4520000000e-03 3.9240000000e+03 0.0000000000e+00 1.0000000000e+00 0.0000000000e+00
2.0000000000e+01 -1.0000000000e+00 1.3712000000e-02 9.5030000000e+03 0.0000000000e+00 1.0000000000e+00 0.0000000000e+00
2.0490000000e+01 -1.0000000000e+00 1.5140000000e-02 4.4005000000e+04 0.0000000000e+00 2.0000000000e+00 0.0000000000e+00
5.0000000000e+00 -1.0000000000e+00 3.9494000000e-02 2.6648000000e+04 0.0000000000e+00 1.0000000000e+00 0.0000000000e+00
2.1000000000e+01 2.6550000000e+01 1.1993000000e-02 3.7225000000e+04 1.9073000000e+04 1.0000000000e+00 2.0000000000e+00
2.0000000000e+01 -1.0000000000e+00 1.4594000000e-02 3.9219000000e+04 0.0000000000e+00 1.0000000000e+00 0.0000000000e+00
1.9000000000e+01 -1.0000000000e+00 1.4598000000e-02 3.7680000000e+03 0.0000000000e+00 1.0000000000e+00 0.0000000000e+00
2.0630000000e+01 1.1000000000e+01 3.7059000000e-02 9.5960000000e+03 2.9670000000e+03 2.0000000000e+00 1.0000000000e+00
1.9000000000e+01 -1.0000000000e+00 4.1693000000e-02 2.0894000000e+04 0.0000000000e+00 1.0000000000e+00 0.0000000000e+00
1.0000000000e+01 -1.0000000000e+00 9.9430000000e-03 9.8200000000e+02 0.0000000000e+00 1.0000000000e+00 0.0000000000e+00
2.0000000000e+01 -1.0000000000e+00 1.1157000000e-02 1.7272000000e+04 0.0000000000e+00 1.0000000000e+00 0.0000000000e+00
5.0000000000e+00 1.3770000000e+01 1.4576000000e-02 2.5858000000e+04 1.0786000000e+04 1.0000000000e+00 3.0000000000e+00
1.9000000000e+01 -1.0000000000e+00 1.5189000000e-02 2.9320000000e+03 0.0000000000e+00 1.0000000000e+00 0.0000000000e+00
3.1000000000e+01 -1.0000000000e+00 3.3525000000e-02 4.1010000000e+03 0.0000000000e+00 1.0000000000e+00 0.0000000000e+00
2.0000000000e+01 -1.0000000000e+00 4.1707000000e-02 4.5030000000e+03 0.0000000000e+00 1.0000000000e+00 0.0000000000e+00
6.0000000000e+00 1.3650000000e+01 5.1364000000e-02 2.2586000000e+04 8.3200000000e+03 1.0000000000e+00 2.0000000000e+00
6.0000000000e+00 2.1770000000e+01 1.4553000000e-02 3.7239000000e+04 1.9942000000e+04 1.0000000000e+00 3.0000000000e+00
5.0000000000e+00 -1.0000000000e+00 6.0280000000e-03 5.7430000000e+03 0.0000000000e+00 1.0000000000e+00 0.0000000000e+00
5.0000000000e+00 -1.0000000000e+00 1.7060000000e-02 2.3640000000e+04 0.0000000000e+00 1.0000000000e+00 0.0000000000e+00
1.9000000000e+01 1.0490000000e+01 3.8187000000e-02 3.4883000000e+04 1.3981000000e+04 1.0000000000e+00 2.0000000000e+00
1.8000000000e+01 -1.0000000000e+00 3.8192000000e-02 4.7560000000e+03 0.0000000000e+00 1.0000000000e+00 0.0000000000e+00
2.1000000000e+01 1.4190000000e+01 4.1038000000e-02 4.4601000000e+04 2.3929000000e+04 1.0000000000e+00 3.0000000000e+00
2.2000000000e+01 -1.0000000000e+00 4.1041000000e-02 5.2430000000e+03 0.0000000000e+00 1.0000000000e+00 0.0000000000e+00
5.0000000000e+00 -1.0000000000e+00 4.2968000000e-02 1.8191000000e+04 0.0000000000e+00 1.0000000000e+00 0.0000000000e+00
2.0000000000e+01 -1.0000000000e+00 4.5755000000e-02 3.9284000000e+04 0.0000000000e+00 1.0000000000e+00 0.0000000000e+00
1.4000000000e+01 -1.0000000000e+00 1.6368000000e-02 1.1650000000e+03 0.0000000000e+00 1.0000000000e+00 0.0000000000e+00
1.2000000000e+01 -1.0000000000e+00 3.6264000000e-02 7.2300000000e+02 0.0000000000e+00 1.0000000000e+00 0.0000000000e+00
2.1000000000e+01 -1.0000000000e+00 3.9166000000e-02 3.1430000000e+03 0.0000000000e+00 1.0000000000e+00 0.0000000000e+00
2.0040000000e+01 1.8610000000e+01 4.0709000000e-02 3.3481000000e+04 1.5824000000e+04 3.0000000000e+00 2.0000000000e+00
1.8680000000e+01 -1.0000000000e+00 6.3040000000e-03 3.2148000000e+04 0.0000000000e+00 2.0000000000e+00 0.0000000000e+00
2.0730000000e+01 2.3530000000e+01 3.7006000000e-02 2.5021000000e+04 1.0871000000e+04 2.0000000000e+00 2.0000000000e+00
2.2000000000e+01 2.1410000000e+01 4.5570000000e-02 1.5844000000e+04 6.6020000000e+03 1.0000000000e+00 2.0000000000e+00
1.8830000000e+01 5.0600000000e+00 4.1122000000e-02 4.2588000000e+04 2.0847000000e+04 2.0000000000e+00 3.0000000000e+00
1.9000000000e+01 5.7600000000e+00 3.7541000000e-02 1.7663000000e+04 6.3480000000e+03 1.0000000000e+00 2.0000000000e+00
1.9000000000e+01 -1.0000000000e+00 7.8250000000e-03 3.2560000000e+04 0.0000000000e+00 1.0000000000e+00 0.0000000000e+00
1.8000000000e+01 -1.0000000000e+00 7.8290000000e-03 4.1930000000e+03 0.0000000000e+00 1.0000000000e+00 0.0000000000e+00
1.9000000000e+01 -1.0000000000e+00 4.8180000000e-02 1.0508000000e+04 0.0000000000e+00 1.0000000000e+00 0.0000000000e+00
1.9000000000e+01 -1.0000000000e+00 9.5920000000e-03 9.6590000000e+03 0.0000000000e+00 1.0000000000e+00 0.0000000000e+00
2.1000000000e+01 -1.0000000000e+00 1.0651000000e-02 4.4410000000e+03 0.0000000000e+00 1.0000000000e+00 0.0000000000e+00
2.2000000000e+01 -1.0000000000e+00 7.6830000000e-03 9.8340000000e+03 0.0000000000e+00 1.0000000000e+00 0.0000000000e+00
4.0000000000e+00 5.8400000000e+00 1.1980000000e-02 1.9541000000e+04 7.3210000000e+03 1.0000000000e+00 3.0000000000e+00
2.0000000000e+01 -1.0000000000e+00 3.6937000000e-02 2.0570000000e+03 0.0000000000e+00 1.0000000000e+00 0.0000000000e+00
2.0000000000e+01 -1.0000000000e+00 4.2532000000e-02 4.3240000000e+03 0.0000000000e+00 1.0000000000e+00 0.0000000000e+00
4.0000000000e+00 -1.0000000000e+00 7.0220000000e-03 3.9255000000e+04 0.0000000000e+00 1.0000000000e+00 0.0000000000e+00
5.0000000000e+00 -1.0000000000e+00 7.0270000000e-03 4.4430000000e+03 0.0000000000e+00 1.0000000000e+00 0.0000000000e+00
4.1500000000e+00 -1.0000000000e+00 4.1974000000e-02 1.4985000000e+04 0.0000000000e+00 2.0000000000e+00 0.0000000000e+00
2.0760000000e+01 8.3200000000e+00 4.4532000000e-02 2.0035000000e+04 8.9800000000e+03 2.0000000000e+00 2.0000000000e+00
2.1000000000e+01 8.3700000000e+00 1.3058000000e-02 1.4212000000e+04 6.2570000000e+03 1.0000000000e+00 2.0000000000e+00
2.2000000000e+01 2.4440000000e+01 3.0685000000e-02 4.4344000000e+04 2.2855000000e+04 1.0000000000e+00 3.0000000000e+00
2.1000000000e+01 -1.0000000000e+00 3.0688000000e-02 4.8690000000e+03 0.0000000000e+00 1.0000000000e+00 0.0000000000e+00
7.0000000000e+00 -1.0000000000e+00 3.9169000000e-02 2.0456000000e+04 0.0000000000e+00 1.0000000000e+00 0.0000000000e+00
5.0000000000e+00 1.3280000000e+01 7.5600000000e-03 2.0656000000e+04 6.6740000000e+03 1.0000000000e+00 2.0000000000e+00
2.2000000000e+01 2.3440000000e+01 1.2102000000e-02 2.6009000000e+04 1.0771000000e+04 1.0000000000e+00 2.0000000000e+00
1.2000000000e+01 -1.0000000000e+00 1.8171000000e-02 1.4180000000e+03 0.0000000000e+00 1.0000000000e+00 0.0000000000e+00
1.9000000000e+01 8.4600000000e+00 3.6433000000e-02 1.8251000000e+04 8.4600000000e+03 1.0000000000e+00 2.0000000000e+00
4.4500000000e+00 1.0970000000e+01 4.3244000000e-02 3.7748000000e+04 1.8041000000e+04 2.0000000000e+00 3.0000000000e+00
2.0930000000e+01 1.5730000000e+01 4.7660000000e-02 2.0547000000e+04 9.9640000000e+03 2.0000000000e+00 3.0000000000e+00
0.0000000000e+00 -1.0000000000e+00 4.0010000000e-03 8.6600000000e+02 0.0000000000e+00 1.0000000000e+00 0.0000000000e+00
2.2000000000e+01 2.4250000000e+01 7.3440000000e-03 3.8464000000e+04 2.0158000000e+04 1.0000000000e+00 3.0000000000e+00
2.3000000000e+01 -1.0000000000e+00 7.3480000000e-03 5.5620000000e+03 0.0000000000e+00 1.0000000000e+00 0.0000000000e+00
1.9330000000e+01 -1.0000000000e+00 1.0756000000e-02 3.8663000000e+04 0.0000000000e+00 2.0000000000e+00 0.0000000000e+00
1.8000000000e+01 -1.0000000000e+00 1.0761000000e-02 3.4670000000e+03 0.0000000000e+00 1.0000000000e+00 0.0000000000e+00
2.2000000000e+01 2.3560000000e+01 1.1982000000e-02 2.4135000000e+04 9.9960000000e+03 1.0000000000e+00 2.0000000000e+00
1.9610000000e+01 1.6380000000e+01 9.4970000000e-03 3.8061000000e+04 1.5986000000e+04 2.0000000000e+00 2.0000000000e+00
2.1000000000e+01 1.8210000000e+01 7.4340000000e-03 3.5580000000e+04 1.6374000000e+04 1.0000000000e+00 3.0000000000e+00
2.1000000000e+01 2.3540000000e+01 1.4657000000e-02 1.1258000000e+04 4.5400000000e+03 1.0000000000e+00 2.0000000000e+00
9.0000000000e+00 -1.0000000000e+00 1.5267000000e-02 1.1930000000e+03 0.0000000000e+00 1.0000000000e+00 0.0000000000e+00
6.0000000000e+00 -1.0000000000e+00 1.8707000000e-02 4.8610000000e+03 0.0000000000e+00 1.0000000000e+00 0.0000000000e+00
2.1900000000e+01 2.3940000000e+01 4.2946000000e-02 3.3536000000e+04 1.7388000000e+04 2.0000000000e+00 3.0000000000e+00
2.0000000000e+00 -1.0000000000e+00 7.3110000000e-03 2.4570000000e+03 0.0000000000e+00 1.0000000000e+00 0.0000000000e+00
2.1450000000e+01 -1.0000000000e+00 3.9390000000e-02 3.1959000000e+04 0.0000000000e+00 2.0000000000e+00 0.0000000000e+00
1.9580000000e+01 -1.0000000000e+00 9.8190000000e-03 2.4924000000e+04 0.0000000000e+00 2.0000000000e+00 0.0000000000e+00
2.0000000000e+01 -1.0000000000e+00 4.9384000000e-02 2.8850000000e+03 0.0000000000e+00 1.0000000000e+00 0.0000000000e+00
2.0000000000e+01 -1.0000000000e+00 9.9470000000e-03 2.2202000000e+04 0.0000000000e+00 1.0000000000e+00 0.0000000000e+00
2.0550000000e+01 -1.0000000000e+00 1.7415000000e-02 3.4716000000e+04 0.0000000000e+00 2.0000000000e+00 0.0000000000e+00
2.1000000000e+01 2.6580000000e+01 3.8576000000e-02 2.9913000000e+04 1.3104000000e+04 1.0000000000e+00 2.0000000000e+00
2.2000000000e+01 -1.0000000000e+00 4.1827000000e-02 2.5640000000e+03 0.0000000000e+00 1.0000000000e+00 0.0000000000e+00
2.2000000000e+01 -1.0000000000e+00 1.0199000000e-02 1.3938000000e+04 0.0000000000e+00 1.0000000000e+00 0.0000000000e+00
2.1000000000e+01 -1.0000000000e+00 3.6420000000e-02 1.0514000000e+04 0.0000000000e+00 1.0000000000e+00 0.0000000000e+00
2.0000000000e+01 8.3700000000e+00 6.1400000000e-03 1.9815000000e+04 7.3550000000e+03 1.0000000000e+00 2.0000000000e+00
2.0000000000e+01 -1.0000000000e+00 9.8900000000e-03 3.9750000000e+03 0.0000000000e+00 1.0000000000e+00 0.0000000000e+00
2.0000000000e+01 -1.0000000000e+00 1.4028000000e-02 3.7350000000e+03 0.0000000000e+00 1.0000000000e+00 0.0000000000e+00
1.9840000000e+01 1.3110000000e+01 2.2987000000e-02 3.9576000000e+04 1.9388000000e+04 3.0000000000e+00 3.0000000000e+00
5.0000000000e+00 -1.0000000000e+00 2.9595000000e-02 1.4510000000e+03 0.0000000000e+00 1.0000000000e+00 0.0000000000e+00
2.0000000000e+01 -1.0000000000e+00 4.6237000000e-02 2.7900000000e+03 0.0000000000e+00 1.0000000000e+00 0.0000000000e+00
2.0000000000e+01 1.4000000000e+01 1.3269000000e-02 5.6910000000e+03 2.6800000000e+02 1.0000000000e+00 1.0000000000e+00
1.9000000000e+01 -1.0000000000e+00 3.8622000000e-02 3.0860000000e+03 0.0000000000e+00 1.0000000000e+00 0.0000000000e+00
1.9440000000e+01 1.4000000000e+01 2.0261000000e-02 3.3409000000e+04 1.6239000000e+04 2.0000000000e+00 3.0000000000e+00
3.1000000000e+01 -1.0000000000e+00 4.1830000000e-02 2.4260000000e+03 0.0000000000e+00 1.0000000000e+00 0.0000000000e+00
2.0000000000e+01 1.0630000000e+01 9.4580000000e-03 9.8810000000e+03 3.7080000000e+03 1.0000000000e+00 2.0000000000e+00
2.2000000000e+01 1.8460000000e+01 1.3257000000e-02 1.1048000000e+04 4.0560000000e+03 1.0000000000e+00 2.0000000000e+00
3.1000000000e+01 -1.0000000000e+00 2.5866000000e-02 1.8960000000e+03 0.0000000000e+00 1.0000000000e+00 0.0000000000e+00
5.0000000000e+00 -1.0000000000e+00 3.7110000000e-02 2.7470000000e+03 0.0000000000e+00 1.0000000000e+00 0.0000000000e+00
1.8480000000e+01 -1.0000000000e+00 9.4920000000e-03 4.4684000000e+04 0.0000000000e+00 2.0000000000e+00 0.0000000000e+00
6.0000000000e+00 1.6170000000e+01 1.4655000000e-02 2.5620000000e+04 1.0678000000e+04 1.0000000000e+00 3.0000000000e+00
2.0920000000e+01 -1.0000000000e+00 4.0400000000e-02 2.6531000000e+04 0.0000000000e+00 2.0000000000e+00 0.0000000000e+00
2.0940000000e+01 1.5770000000e+01 4.2570000000e-02 3.6542000000e+04 1.7759000000e+04 3.0000000000e+00 3.0000000000e+00
2.2840000000e+01 -1.0000000000e+00 1.1233000000e-02 4.2392000000e+04 0.0000000000e+00 2.0000000000e+00 0.0000000000e+00
2.4000000000e+01 -1.0000000000e+00 1.1237000000e-02 3.6000000000e+03 0.0000000000e+00 1.0000000000e+00 0.0000000000e+00
2.0780000000e+01 -1.0000000000e+00 9.4490000000e-03 1.3681000000e+04 0.0000000000e+00 2.0000000000e+00 0.0000000000e+00
2.2850000000e+01 2.6760000000e+01 1.0422000000e-02 4.1920000000e+04 2.2326000000e+04 2.0000000000e+00 3.0000000000e+00
2.4000000000e+01 -1.0000000000e+00 1.0426000000e-02 3.1990000000e+03 0.0000000000e+00 1.0000000000e+00 0.0000000000e+00
7.0000000000e+00 -1.0000000000e+00 5.1162000000e-02 5.0740000000e+03 0.0000000000e+00 1.0000000000e+00 0.0000000000e+00
2.1000000000e+01 1.8670000000e+01 6.5080000000e-03 2.9101000000e+04 1.3893000000e+04 1.0000000000e+00 4.0000000000e+00
2.0000000000e+01 -1.0000000000e+00 9.2040000000e-03 5.1420000000e+03 0.0000000000e+00 1.0000000000e+00 0.0000000000e+00
1.9070000000e+01 -1.0000000000e+00 1.8000000000e-02 1.8174000000e+04 0.0000000000e+00 2.0000000000e+00 0.0000000000e+00
4.2800000000e+00 8.0000000000e+00 4.0881000000e-02 8.7490000000e+03 1.2570000000e+03 2.0000000000e+00 1.0000000000e+00
2.3000000000e+01 -1.0000000000e+00 4.6034000000e-02 2.8479000000e+04 0.0000000000e+00 1.0000000000e+00 0.0000000000e+00
1.0000000000e+00 -1.0000000000e+00 8.3650000000e-03 2.0410000000e+03 0.0000000000e+00 1.0000000000e+00 0.0000000000e+00
1.8660000000e+01 5.4900000000e+00 1.1017000000e-02 1.5532000000e+04 6.6160000000e+03 2.0000000000e+00 2.0000000000e+00
2.0000000000e+01 -1.0000000000e+00 1.4745000000e-02 4.8350000000e+03 0.0000000000e+00 1.0000000000e+00 0.0000000000e+00
8.0000000000e+00 -1.0000000000e+00 3.5330000000e-02 1.1290000000e+03 0.0000000000e+00 1.0000000000e+00 0.0000000000e+00
2.0000000000e+01 -1.0000000000e+00 3.7638000000e-02 1.4445000000e+04 0.0000000000e+00 1.0000000000e+00 0.0000000000e+00
5.0000000000e+00 1.1080000000e+01 4.2095000000e-02 2.4119000000e+04 9.9750000000e+03 1.0000000000e+00 3.0000000000e+00
1.9000000000e+01 -1.0000000000e+00 4.2935000000e-02 3.8025000000e+04 0.0000000000e+00 1.0000000000e+00 0.0000000000e+00
1.1000000000e+01 -1.0000000000e+00 4.5903000000e-02 5.9000000000e+01 0.0000000000e+00 1.0000000000e+00 0.0000000000e+00
2.4000000000e+01 2.6370000000e+01 4.6034000000e-02 3.5180000000e+03 1.4668000000e+04 1.0000000000e+00 2.0000000000e+00
6.0000000000e+00 1.5740000000e+01 4.9862000000e-02 2.6698000000e+04 1.3829000000e+04 1.0000000000e+00 4.0000000000e+00
2.2000000000e+01 -1.0000000000e+00 6.4760000000e-03 2.1060000000e+03 0.0000000000e+00 1.0000000000e+00 0.0000000000e+00
5.0000000000e+00 1.6220000000e+01 9.1460000000e-03 2.6052000000e+04 1.2100000000e+04 1.0000000000e+00 3.0000000000e+00
2.0000000000e+01 1.1260000000e+01 1.5838000000e-02 4.0764000000e+04 2.1517000000e+04 1.0000000000e+00 3.0000000000e+00
1.9000000000e+01 -1.0000000000e+00 1.5842000000e-02 3.7430000000e+03 0.0000000000e+00 1.0000000000e+00 0.0000000000e+00
7.0000000000e+00 1.8420000000e+01 2.2565000000e-02 3.2105000000e+04 1.6086000000e+04 1.0000000000e+00 3.0000000000e+00
1.0000000000e+00 -1.0000000000e+00 1.2056000000e-02 1.2051000000e+04 0.0000000000e+00 1.0000000000e+00 0.0000000000e+00
2.0000000000e+01 1.1020000000e+01 1.2062000000e-02 3.0250000000e+04 1.3784000000e+04 1.0000000000e+00 3.0000000000e+00
2.0000000000e+01 5.6600000000e+00 1.6641000000e-02 1.3343000000e+04 4.7050000000e+03 1.0000000000e+00 2.0000000000e+00
2.0000000000e+01 8.0000000000e+00 4.1069000000e-02 9.6970000000e+03 2.2050000000e+03 1.0000000000e+00 1.0000000000e+00
2.2000000000e+01 1.9000000000e+01 8.6170000000e-03 1.0567000000e+04 2.3120000000e+03 1.0000000000e+00 1.0000000000e+00
5.0000000000e+00 -1.0000000000e+00 8.9410000000e-03 6.5120000000e+03 0.0000000000e+00 1.0000000000e+00 0.0000000000e+00
2.1190000000e+01 2.3190000000e+01 5.5727000000e-02 4.6841000000e+04 2.3855000000e+04 2.0000000000e+00 3.0000000000e+00
1.9000000000e+01 5.1800000000e+00 6.2920000000e-03 2.6864000000e+04 1.1324000000e+04 1.0000000000e+00 3.0000000000e+00
2.0000000000e+01 -1.0000000000e+00 4.0916000000e-02 2.0670000000e+03 0.0000000000e+00 1.0000000000e+00 0.0000000000e+00
1.9920000000e+01 5.9400000000e+00 4.1859000000e-02 2.2290000000e+04 1.0640000000e+04 2.0000000000e+00 3.0000000000e+00
2.1000000000e+01 -1.0000000000e+00 3.9464000000e-02 2.2363000000e+04 0.0000000000e+00 1.0000000000e+00 0.0000000000e+00
2.1000000000e+01 -1.0000000000e+00 8.6230000000e-03 3.5265000000e+04 0.0000000000e+00 1.0000000000e+00 0.0000000000e+00
2.0000000000e+01 -1.0000000000e+00 1.6305000000e-02 3.3040000000e+03 0.0000000000e+00 1.0000000000e+00 0.0000000000e+00
3.1000000000e+01 -1.0000000000e+00 4.1387000000e-02 1.4500000000e+03 0.0000000000e+00 1.0000000000e+00 0.0000000000e+00
1.9930000000e+01 5.4700000000e+00 1.1108000000e-02 3.5473000000e+04 1.4908000000e+04 2.0000000000e+00 2.0000000000e+00
1.8480000000e+01 6.0000000000e+00 4.5958000000e-02 8.2010000000e+03 1.3550000000e+03 2.0000000000e+00 1.0000000000e+00
2.0000000000e+01 -1.0000000000e+00 4.1657000000e-02 4.5690000000e+03 0.0000000000e+00 1.0000000000e+00 0.0000000000e+00
2.0490000000e+01 1.5000000000e+01 6.4650000000e-03 2.3766000000e+04 4.0300000000e+02 2.0000000000e+00 1.0000000000e+00
2.0000000000e+01 1.0660000000e+01 8.8670000000e-03 1.9194000000e+04 7.7980000000e+03 1.0000000000e+00 2.0000000000e+00
1.5000000000e+01 -1.0000000000e+00 1.0057000000e-02 1.9890000000e+03 0.0000000000e+00 1.0000000000e+00 0.0000000000e+00
6.0000000000e+00 -1.0000000000e+00 1.6779000000e-02 3.9950000000e+04 0.0000000000e+00 1.0000000000e+00 0.0000000000e+00
2.1360000000e+01 -1.0000000000e+00 5.4517000000e-02 4.5578000000e+04 0.0000000000e+00 2.0000000000e+00 0.0000000000e+00
2.0000000000e+01 1.4000000000e+01 5.4522000000e-02 4.0160000000e+03 1.3230000000e+03 1.0000000000e+00 1.0000000000e+00
6.0000000000e+00 -1.0000000000e+00 6.1730000000e-03 3.7530000000e+03 0.0000000000e+00 1.0000000000e+00 0.0000000000e+00
6.0000000000e+00 2.1000000000e+01 1.1889000000e-02 1.1738000000e+04 3.3590000000e+03 1.0000000000e+00 1.0000000000e+00
3.1000000000e+01 -1.0000000000e+00 1.3002000000e-02 2.1780000000e+03 0.0000000000e+00 1.0000000000e+00 0.0000000000e+00
6.0000000000e+00 -1.0000000000e+00 2.1707000000e-02 1.3550000000e+03 0.0000000000e+00 1.0000000000e+00 0.0000000000e+00
2.0000000000e+01 -1.0000000000e+00 3.8797000000e-02 1.5837000000e+04 0.0000000000e+00 1.0000000000e+00 0.0000000000e+00
1.9580000000e+01 -1.0000000000e+00 4.2589000000e-02 3.6922000000e+04 0.0000000000e+00 2.0000000000e+00 0.0000000000e+00
2.0590000000e+01 -1.0000000000e+00 4.3525000000e-02 3.7393000000e+04 0.0000000000e+00 2.0000000000e+00 0.0000000000e+00
8.0000000000e+00 2.6940000000e+01 1.2822000000e-02 4.4573000000e+04 2.8783000000e+04 1.0000000000e+00 3.0000000000e+00
1.9000000000e+01 -1.0000000000e+00 3.6385000000e-02 1.9523000000e+04 0.0000000000e+00 1.0000000000e+00 0.0000000000e+00
2.2000000000e+01 2.6000000000e+01 1.1595000000e-02 1.0972000000e+04 3.0980000000e+03 1.0000000000e+00 1.0000000000e+00
1.9000000000e+01 -1.0000000000e+00 3.9134000000e-02 4.4730000000e+03 0.0000000000e+00 1.0000000000e+00 0.0000000000e+00
5.1900000000e+00 1.6070000000e+01 4.7086000000e-02 3.0422000000e+04 1.6208000000e+04 3.0000000000e+00 3.0000000000e+00
5.6500000000e+00 -1.0000000000e+00 1.4288000000e-02 4.1928000000e+04 0.0000000000e+00 2.0000000000e+00 0.0000000000e+00
1.6000000000e+01 -1.0000000000e+00 3.6798000000e-02 2.7830000000e+03 0.0000000000e+00 1.0000000000e+00 0.0000000000e+00
2.2000000000e+01 -1.0000000000e+00 3.8596000000e-02 2.1940000000e+03 0.0000000000e+00 1.0000000000e+00 0.0000000000e+00
5.0000000000e+00 8.0000000000e+00 4.3423000000e-02 4.0669000000e+04 7.3300000000e+02 1.0000000000e+00 1.0000000000e+00
4.0000000000e+00 -1.0000000000e+00 4.3428000000e-02 5.8140000000e+03 0.0000000000e+00 1.0000000000e+00 0.0000000000e+00
1.9790000000e+01 -1.0000000000e+00 4.5867000000e-02 3.9687000000e+04 0.0000000000e+00 2.0000000000e+00 0.0000000000e+00
2.0890000000e+01 -1.0000000000e+00 4.6092000000e-02 3.7277000000e+04 0.0000000000e+00 2.0000000000e+00 0.0000000000e+00
4.9100000000e+00 -1.0000000000e+00 5.4728000000e-02 1.6362000000e+04 0.0000000000e+00 2.0000000000e+00 0.0000000000e+00
2.5000000000e+01 -1.0000000000e+00 1.4319000000e-02 4.8600000000e+02 0.0000000000e+00 1.0000000000e+00 0.0000000000e+00
5.0000000000e+00 1.6100000000e+01 1.7393000000e-02 2.5506000000e+04 7.3400000000e+03 1.0000000000e+00 2.0000000000e+00
1.9000000000e+01 -1.0000000000e+00 1.8651000000e-02 1.3407000000e+04 0.0000000000e+00 1.0000000000e+00 0.0000000000e+00
2.1000000000e+01 -1.0000000000e+00 1.1436000000e-02 3.2310000000e+03 0.0000000000e+00 1.0000000000e+00 0.0000000000e+00
5.0500000000e+00 5.9700000000e+00 1.7073000000e-02 3.4937000000e+04 1.7420000000e+04 3.0000000000e+00 3.0000000000e+00
1.8840000000e+01 -1.0000000000e+00 4.7183000000e-02 4.2142000000e+04 0.0000000000e+00 2.0000000000e+00 0.0000000000e+00
5.7400000000e+00 8.0600000000e+00 1.4090000000e-02 3.0747000000e+04 1.4908000000e+04 2.0000000000e+00 3.0000000000e+00
5.0000000000e+00 1.5700000000e+01 3.9241000000e-02 1.5945000000e+04 5.6330000000e+03 1.0000000000e+00 2.0000000000e+00
2.0500000000e+01 2.6450000000e+01 1.5598000000e-02 1.9777000000e+04 9.3920000000e+03 2.0000000000e+00 2.0000000000e+00
6.0000000000e+00 1.6410000000e+01 3.9122000000e-02 3.6077000000e+04 1.9728000000e+04 1.0000000000e+00 4.0000000000e+00
5.0000000000e+00 -1.0000000000e+00 4.2244000000e-02 3.5487000000e+04 0.0000000000e+00 1.0000000000e+00 0.0000000000e+00
4.0000000000e+00 -1.0000000000e+00 4.2250000000e-02 4.0300000000e+03 0.0000000000e+00 1.0000000000e+00 0.0000000000e+00
1.9820000000e+01 -1.0000000000e+00 4.2333000000e-02 3.8710000000e+04 0.0000000000e+00 2.0000000000e+00 0.0000000000e+00
2.0000000000e+01 -1.0000000000e+00 4.7214000000e-02 4.8040000000e+03 0.0000000000e+00 1.0000000000e+00 0.0000000000e+00
3.1000000000e+01 -1.0000000000e+00 4.9291000000e-02 2.3860000000e+03 0.0000000000e+00 1.0000000000e+00 0.0000000000e+00
2.1000000000e+01 2.1000000000e+01 1.1074000000e-02 6.9540000000e+03 1.2360000000e+03 1.0000000000e+00 1.0000000000e+00
5.0000000000e+00 -1.0000000000e+00 1.2197000000e-02 3.9150000000e+03 0.0000000000e+00 1.0000000000e+00 0.0000000000e+00
2.7000000000e+01 -1.0000000000e+00 3.6399000000e-02 1.4350000000e+03 0.0000000000e+00 1.0000000000e+00 0.0000000000e+00
2.0280000000e+01 -1.0000000000e+00 3.7396000000e-02 1.6268000000e+04 0.0000000000e+00 2.0000000000e+00 0.0000000000e+00
2.2000000000e+01 -1.0000000000e+00 2.0314000000e-02 1.1034000000e+04 0.0000000000e+00 1.0000000000e+00 0.0000000000e+00
2.0770000000e+01 1.4030000000e+01 3.8020000000e-02 4.0422000000e+04 2.0677000000e+04 2.0000000000e+00 3.0000000000e+00
2.1000000000e+01 2.4000000000e+01 4.0411000000e-02 1.5117000000e+04 4.2220000000e+03 1.0000000000e+00 1.0000000000e+00
2.0100000000e+01 1.3600000000e+01 1.9281000000e-02 1.2512000000e+04 4.9730000000e+03 2.0000000000e+00 2.0000000000e+00
6.0000000000e+00 1.5940000000e+01 3.9676000000e-02 2.5404000000e+04 1.2419000000e+04 1.0000000000e+00 3.0000000000e+00
6.0000000000e+00 -1.0000000000e+00 3.8224000000e-02 2.9270000000e+03 0.0000000000e+00 1.0000000000e+00 0.0000000000e+00
2.1000000000e+01 2.6080000000e+01 7.7230000000e-03 3.9475000000e+04 2.2041000000e+04 1.0000000000e+00 3.0000000000e+00
6.0000000000e+00 -1.0000000000e+00 2.0551000000e-02 3.1146000000e+04 0.0000000000e+00 1.0000000000e+00 0.0000000000e+00
2.1000000000e+01 -1.0000000000e+00 3.7881000000e-02 4.0236000000e+04 0.0000000000e+00 1.0000000000e+00 0.0000000000e+00
2.2000000000e+01 -1.0000000000e+00 3.7885000000e-02 4.5380000000e+03 0.0000000000e+00 1.0000000000e+00 0.0000000000e+00
5.5200000000e+00 1.6410000000e+01 4.9478000000e-02 3.7101000000e+04 1.5952000000e+04 2.0000000000e+00 2.0000000000e+00
2.2440000000e+01 -1.0000000000e+00 9.4030000000e-03 4.7070000000e+04 0.0000000000e+00 2.0000000000e+00 0.0000000000e+00
1.8510000000e+01 8.0000000000e+00 1.8104000000e-02 6.0710000000e+03 4.4300000000e+02 2.0000000000e+00 1.0000000000e+00
2.7000000000e+01 -1.0000000000e+00 3.4081000000e-02 7.6100000000e+02 0.0000000000e+00 1.0000000000e+00 0.0000000000e+00
2.0000000000e+01 5.9700000000e+00 1.1834000000e-02 3.3777000000e+04 1.5820000000e+04 1.0000000000e+00 3.0000000000e+00
1.9780000000e+01 1.1390000000e+01 3.8132000000e-02 3.9706000000e+04 1.8675000000e+04 2.0000000000e+00 4.0000000000e+00
2.1000000000e+01 -1.0000000000e+00 3.8136000000e-02 4.0990000000e+03 0.0000000000e+00 1.0000000000e+00 0.0000000000e+00
2.0040000000e+01 -1.0000000000e+00 3.6746000000e-02 3.3592000000e+04 0.0000000000e+00 2.0000000000e+00 0.0000000000e+00
2.0460000000e+01 -1.0000000000e+00 3.9725000000e-02 8.0770000000e+03 0.0000000000e+00 2.0000000000e+00 0.0000000000e+00
1.0000000000e+01 -1.0000000000e+00 4.4475000000e-02 6.8900000000e+02 0.0000000000e+00 1.0000000000e+00 0.0000000000e+00
1.3000000000e+01 -1.0000000000e+00 4.4867000000e-02 1.8550000000e+03 0.0000000000e+00 1.0000000000e+00 0.0000000000e+00
2.0000000000e+01 -1.0000000000e+00 7.4330000000e-03 4.0516000000e+04 0.0000000000e+00 1.0000000000e+00 0.0000000000e+00
1.9000000000e+01 -1.0000000000e+00 7.4360000000e-03 4.2520000000e+03 0.0000000000e+00 1.0000000000e+00 0.0000000000e+00
2.1120000000e+01 1.6120000000e+01 7.7930000000e-03 3.0954000000e+04 8.5460000000e+03 2.0000000000e+00 2.0000000000e+00
6.0000000000e+00 1.6120000000e+01 1.4511000000e-02 2.5913000000e+04 7.6760000000e+03 1.0000000000e+00 2.0000000000e+00
2.0360000000e+01 1.6320000000e+01 3.8869000000e-02 3.5501000000e+04 1.5305000000e+04 2.0000000000e+00 2.0000000000e+00
5.1400000000e+00 -1.0000000000e+00 8.7380000000e-03 5.7230000000e+03 0.0000000000e+00 2.0000000000e+00 0.0000000000e+00
2.1750000000e+01 2.0670000000e+01 3.6334000000e-02 4.0190000000e+04 1.8643000000e+04 2.0000000000e+00 3.0000000000e+00
2.3000000000e+01 -1.0000000000e+00 3.6339000000e-02 3.0630000000e+03 0.0000000000e+00 1.0000000000e+00 0.0000000000e+00
2.0000000000e+01 -1.0000000000e+00 4.2311000000e-02 1.7572000000e+04 0.0000000000e+00 1.0000000000e+00 0.0000000000e+00
2.2000000000e+01 2.1050000000e+01 9.5330000000e-03 3.6075000000e+04 1.8966000000e+04 1.0000000000e+00 3.0000000000e+00
2.3000000000e+01 -1.0000000000e+00 9.5380000000e-03 3.6120000000e+03 0.0000000000e+00 1.0000000000e+00 0.0000000000e+00
2.0000000000e+01 -1.0000000000e+00 4.0601000000e-02 1.3030000000e+03 0.0000000000e+00 1.0000000000e+00 0.0000000000e+00
2.1410000000e+01 -1.0000000000e+00 4.0069000000e-02 4.1751000000e+04 0.0000000000e+00 2.0000000000e+00 0.0000000000e+00
3.1000000000e+01 -1.0000000000e+00 9.6580000000e-03 2.4810000000e+03 0.0000000000e+00 1.0000000000e+00 0.0000000000e+00
2.0000000000e+01 -1.0000000000e+00 1.1922000000e-02 1.3730000000e+03 0.0000000000e+00 1.0000000000e+00 0.0000000000e+00
2.0000000000e+01 1.3560000000e+01 1.3665000000e-02 1.8745000000e+04 7.2280000000e+03 1.0000000000e+00 2.0000000000e+00
2.1000000000e+01 -1.0000000000e+00 3.7071000000e-02 5.3500000000e+02 0.0000000000e+00 1.0000000000e+00 0.0000000000e+00
6.0000000000e+00 1.9000000000e+01 8.1840000000e-03 7.3580000000e+03 1.3500000000e+03 1.0000000000e+00 1.0000000000e+00
2.1000000000e+01 -1.0000000000e+00 8.5670000000e-03 3.2074000000e+04 0.0000000000e+00 1.0000000000e+00 0.0000000000e+00
1.9470000000e+01 -1.0000000000e+00 4.4012000000e-02 1.6651000000e+04 0.0000000000e+00 2.0000000000e+00 0.0000000000e+00
2.0790000000e+01 -1.0000000000e+00 1.1741000000e-02 3.8684000000e+04 0.0000000000e+00 2.0000000000e+00 0.0000000000e+00
2.0190000000e+01 -1.0000000000e+00 3.8158000000e-02 1.5685000000e+04 0.0000000000e+00 2.0000000000e+00 0.0000000000e+00
4.5100000000e+00 5.5700000000e+00 8.2570000000e-03 2.0680000000e+04 7.4140000000e+03 2.0000000000e+00 2.0000000000e+00
1.9000000000e+01 -1.0000000000e+00 1.1149000000e-02 1.0245000000e+04 0.0000000000e+00 1.0000000000e+00 0.0000000000e+00
2.0000000000e+01 8.6200000000e+00 4.4130000000e-02 4.0712000000e+04 2.2978000000e+04 1.0000000000e+00 4.0000000000e+00
1.9000000000e+01 -1.0000000000e+00 4.4133000000e-02 4.8960000000e+03 0.0000000000e+00 1.0000000000e+00 0.0000000000e+00
2.3310000000e+01 -1.0000000000e+00 1.0614000000e-02 4.1870000000e+04 0.0000000000e+00 2.0000000000e+00 0.0000000000e+00
1.9000000000e+01 8.6200000000e+00 1.4539000000e-02 3.5944000000e+04 1.5401000000e+04 1.0000000000e+00 3.0000000000e+00
1.8000000000e+01 -1.0000000000e+00 1.4543000000e-02 4.8840000000e+03 0.0000000000e+00 1.0000000000e+00 0.0000000000e+00
2.1000000000e+01 2.0680000000e+01 3.9516000000e-02 3.5745000000e+04 1.7046000000e+04 1.0000000000e+00 3.0000000000e+00
1.9940000000e+01 1.5950000000e+01 7.2660000000e-03 2.3901000000e+04 9.7160000000e+03 2.0000000000e+00 3.0000000000e+00
5.0000000000e+00 1.0500000000e+01 7.6880000000e-03 2.9996000000e+04 1.1953000000e+04 1.0000000000e+00 2.0000000000e+00
2.1000000000e+01 2.6480000000e+01 1.2541000000e-02 1.5932000000e+04 7.0380000000e+03 1.0000000000e+00 2.0000000000e+00
2.1000000000e+01 1.5520000000e+01 2.2682000000e-02 2.0871000000e+04 8.9250000000e+03 1.0000000000e+00 2.0000000000e+00
1.3000000000e+01 -1.0000000000e+00 4.6846000000e-02 1.0250000000e+03 0.0000000000e+00 1.0000000000e+00 0.0000000000e+00
1.2000000000e+01 -1.0000000000e+00 5.4460000000e-02 8.6200000000e+02 0.0000000000e+00 1.0000000000e+00 0.0000000000e+00
2.0840000000e+01 2.1570000000e+01 1.1766000000e-02 3.8726000000e+04 1.8500000000e+04 2.0000000000e+00 3.0000000000e+00
2.0790000000e+01 1.1160000000e+01 2.1049000000e-02 4.2293000000e+04 2.1692000000e+04 2.0000000000e+00 3.0000000000e+00
2.2000000000e+01 1.8690000000e+01 1.1196000000e-02 2.3853000000e+04 8.5070000000e+03 1.0000000000e+00 2.0000000000e+00
2.0000000000e+01 1.6000000000e+01 1.7850000000e-02 1.1601000000e+04 3.1690000000e+03 1.0000000000e+00 1.0000000000e+00
2.0000000000e+01 -1.0000000000e+00 3.9169000000e-02 1.3007000000e+04 0.0000000000e+00 1.0000000000e+00 0.0000000000e+00
1.9000000000e+01 -1.0000000000e+00 1.3776000000e-02 1.5293000000e+04 0.0000000000e+00 1.0000000000e+00 0.0000000000e+00
4.0000000000e+00 -1.0000000000e+00 1.9859000000e-02 1.4700000000e+02 0.0000000000e+00 1.0000000000e+00 0.0000000000e+00
2.9000000000e+01 -1.0000000000e+00 3.7962000000e-02 1.7030000000e+03 0.0000000000e+00 1.0000000000e+00 0.0000000000e+00
2.1000000000e+01 -1.0000000000e+00 4.3419000000e-02 3.6770000000e+03 0.0000000000e+00 1.0000000000e+00 0.0000000000e+00
2.0000000000e+01 1.8000000000e+01 3.8519000000e-02 1.6420000000e+04 1.6750000000e+03 1.0000000000e+00 1.0000000000e+00
1.9800000000e+01 4.9400000000e+00 4.0398000000e-02 4.3741000000e+04 2.1758000000e+04 2.0000000000e+00 3.0000000000e+00
3.1000000000e+01 -1.0000000000e+00 9.9310000000e-03 4.6200000000e+02 0.0000000000e+00 1.0000000000e+00 0.0000000000e+00
2.0000000000e+01 5.9400000000e+00 4.0014000000e-02 3.1808000000e+04 1.3454000000e+04 1.0000000000e+00 3.0000000000e+00
2.1000000000e+01 -1.0000000000e+00 4.0019000000e-02 3.7870000000e+03 0.0000000000e+00 1.0000000000e+00 0.0000000000e+00
6.2400000000e+00 1.1220000000e+01 1.1079000000e-02 4.0581000000e+04 1.9791000000e+04 2.0000000000e+00 3.0000000000e+00
2.0560000000e+01 2.2000000000e+01 3.9506000000e-02 1.6627000000e+04 6.1000000000e+02 2.0000000000e+00 1.0000000000e+00
2.1000000000e+01 2.0860000000e+01 4.1485000000e-02 3.3775000000e+04 1.6372000000e+04 1.0000000000e+00 3.0000000000e+00
1.8760000000e+01 -1.0000000000e+00 5.9503000000e-02 2.0964000000e+04 0.0000000000e+00 2.0000000000e+00 0.0000000000e+00
2.0370000000e+01 -1.0000000000e+00 4.1145000000e-02 4.5908000000e+04 0.0000000000e+00 2.0000000000e+00 0.0000000000e+00
2.0000000000e+01 7.0000000000e+00 5.9023000000e-02 2.1533000000e+04 2.1290000000e+03 1.0000000000e+00 1.0000000000e+00
2.0320000000e+01 8.5000000000e+00 1.3224000000e-02 3.6466000000e+04 1.5787000000e+04 2.0000000000e+00 2.0000000000e+00
2.2000000000e+01 1.6170000000e+01 4.0294000000e-02 2.0875000000e+04 8.6400000000e+03 1.0000000000e+00 3.0000000000e+00
5.0000000000e+00 -1.0000000000e+00 4.0907000000e-02 1.8150000000e+03 0.0000000000e+00 1.0000000000e+00 0.0000000000e+00
1.9780000000e+01 8.3200000000e+00 3.5967000000e-02 1.3422000000e+04 5.1980000000e+03 2.0000000000e+00 2.0000000000e+00
1.9000000000e+01 5.9800000000e+00 4.6238000000e-02 3.7410000000e+04 1.7261000000e+04 1.0000000000e+00 3.0000000000e+00
2.2000000000e+01 -1.0000000000e+00 9.1020000000e-03 1.7836000000e+04 0.0000000000e+00 1.0000000000e+00 0.0000000000e+00
2.1000000000e+01 1.3000000000e+01 2.0813000000e-02 6.0620000000e+03 1.2750000000e+03 1.0000000000e+00 1.0000000000e+00
2.0000000000e+01 8.1700000000e+00 4.5806000000e-02 1.2182000000e+04 4.0990000000e+03 1.0000000000e+00 2.0000000000e+00
1.9030000000e+01 1.0660000000e+01 3.5945000000e-02 8.7880000000e+03 3.4530000000e+03 2.0000000000e+00 2.0000000000e+00
4.6400000000e+00 6.2200000000e+00 3.9305000000e-02 2.9422000000e+04 1.2428000000e+04 2.0000000000e+00 3.0000000000e+00
2.0960000000e+01 1.3020000000e+01 5.8700000000e-02 3.6330000000e+04 1.8670000000e+04 2.0000000000e+00 3.0000000000e+00
1.9000000000e+01 8.4200000000e+00 3.7425000000e-02 2.5563000000e+04 1.0144000000e+04 1.0000000000e+00 2.0000000000e+00
2.0000000000e+01 1.5690000000e+01 4.4142000000e-02 1.9570000000e+04 6.9270000000e+03 1.0000000000e+00 2.0000000000e+00
1.9000000000e+01 8.3200000000e+00 8.9620000000e-03 1.4459000000e+04 4.8840000000e+03 1.0000000000e+00 2.0000000000e+00
2.0000000000e+01 -1.0000000000e+00 3.8686000000e-02 2.5830000000e+03 0.0000000000e+00 1.0000000000e+00 0.0000000000e+00
5.3000000000e+00 1.4020000000e+01 4.9608000000e-02 4.3587000000e+04 2.2695000000e+04 2.0000000000e+00 3.0000000000e+00
1.9000000000e+01 -1.0000000000e+00 1.4555000000e-02 5.9750000000e+03 0.0000000000e+00 1.0000000000e+00 0.0000000000e+00
3.1000000000e+01 -1.0000000000e+00 2.3196000000e-02 1.4810000000e+03 0.0000000000e+00 1.0000000000e+00 0.0000000000e+00
3.1000000000e+01 -1.0000000000e+00 2.5195000000e-02 1.9350000000e+03 0.0000000000e+00 1.0000000000e+00 0.0000000000e+00
1.3000000000e+01 -1.0000000000e+00 5.4403000000e-02 1.0090000000e+03 0.0000000000e+00 1.0000000000e+00 0.0000000000e+00
1.9010000000e+01 -1.0000000000e+00 9.2030000000e-03 3.0819000000e+04 0.0000000000e+00 3.0000000000e+00 0.0000000000e+00
1.6000000000e+01 -1.0000000000e+00 4.1651000000e-02 1.5915000000e+04 0.0000000000e+00 1.0000000000e+00 0.0000000000e+00
2.0000000000e+01 -1.0000000000e+00 4.0198000000e-02 1.8442000000e+04 0.0000000000e+00 1.0000000000e+00 0.0000000000e+00
2.1000000000e+01 -1.0000000000e+00 1.0071000000e-02 5.8650000000e+03 0.0000000000e+00 1.0000000000e+00 0.0000000000e+00
1.9830000000e+01 1.6000000000e+01 1.4098000000e-02 1.1036000000e+04 3.2430000000e+03 2.0000000000e+00 1.0000000000e+00
2.0000000000e+01 6.1700000000e+00 4.7469000000e-02 4.1662000000e+04 2.1568000000e+04 1.0000000000e+00 3.0000000000e+00
1.9000000000e+01 -1.0000000000e+00 4.7472000000e-02 4.6530000000e+03 0.0000000000e+00 1.0000000000e+00 0.0000000000e+00
1.8020000000e+01 5.9000000000e+00 6.5190000000e-03 3.0516000000e+04 1.5065000000e+04 2.0000000000e+00 3.0000000000e+00
1.9260000000e+01 5.7600000000e+00 9.1830000000e-03 3.3839000000e+04 1.5167000000e+04 2.0000000000e+00 3.0000000000e+00
2.1000000000e+01 1.5000000000e+01 4.7949000000e-02 2.2656000000e+04 8.2900000000e+02 1.0000000000e+00 1.0000000000e+00
2.0000000000e+01 -1.0000000000e+00 3.9524000000e-02 1.3490000000e+03 0.0000000000e+00 1.0000000000e+00 0.0000000000e+00
6.0000000000e+00 2.0610000000e+01 1.1399000000e-02 3.2254000000e+04 1.3056000000e+04 1.0000000000e+00 2.0000000000e+00
2.0000000000e+01 7.0000000000e+00 3.6261000000e-02 2.7932000000e+04 1.8360000000e+03 1.0000000000e+00 1.0000000000e+00
1.9000000000e+01 -1.0000000000e+00 4.4923000000e-02 3.1060000000e+03 0.0000000000e+00 1.0000000000e+00 0.0000000000e+00
2.1000000000e+01 -1.0000000000e+00 3.9830000000e-02 2.0952000000e+04 0.0000000000e+00 1.0000000000e+00 0.0000000000e+00
1.8660000000e+01 -1.0000000000e+00 1.7284000000e-02 3.3154000000e+04 0.0000000000e+00 2.0000000000e+00 0.0000000000e+00
6.0000000000e+00 1.8390000000e+01 3.6792000000e-02 3.2410000000e+04 1.6538000000e+04 1.0000000000e+00 3.0000000000e+00
5.8800000000e+00 2.3490000000e+01 3.8507000000e-02 3.6165000000e+04 1.8754000000e+04 2.0000000000e+00 4.0000000000e+00
1.9000000000e+01 5.1500000000e+00 4.0343000000e-02 3.7149000000e+04 1.7142000000e+04 1.0000000000e+00 3.0000000000e+00
1.8000000000e+01 -1.0000000000e+00 4.0347000000e-02 5.3630000000e+03 0.0000000000e+00 1.0000000000e+00 0.0000000000e+00
1.4000000000e+01 -1.0000000000e+00 4.1487000000e-02 3.2100000000e+02 0.0000000000e+00 1.0000000000e+00 0.0000000000e+00
2.0000000000e+01 5.1000000000e+00 4.9822000000e-02 3.8331000000e+04 1.8215000000e+04 1.0000000000e+00 3.0000000000e+00
1.9000000000e+01 -1.0000000000e+00 4.9826000000e-02 3.2740000000e+03 0.0000000000e+00 1.0000000000e+00 0.0000000000e+00
1.9330000000e+01 -1.0000000000e+00 8.3850000000e-03 3.1196000000e+04 0.0000000000e+00 2.0000000000e+00 0.0000000000e+00
2.2000000000e+01 1.8280000000e+01 8.4540000000e-03 3.5190000000e+04 1.8035000000e+04 1.0000000000e+00 3.0000000000e+00
2.3000000000e+01 -1.0000000000e+00 8.4590000000e-03 3.7480000000e+03 0.0000000000e+00 1.0000000000e+00 0.0000000000e+00
1.9000000000e+01 -1.0000000000e+00 3.7820000000e-02 1.0185000000e+04 0.0000000000e+00 1.0000000000e+00 0.0000000000e+00
2.0000000000e+01 7.0000000000e+00 4.2807000000e-02 3.3715000000e+04 6.1770000000e+03 1.0000000000e+00 1.0000000000e+00
2.1000000000e+01 -1.0000000000e+00 4.2812000000e-02 4.3810000000e+03 0.0000000000e+00 1.0000000000e+00 0.0000000000e+00
1.6000000000e+01 -1.0000000000e+00 5.8991000000e-02 1.0290000000e+03 0.0000000000e+00 1.0000000000e+00 0.0000000000e+00
2.2000000000e+01 -1.0000000000e+00 4.2914000000e-02 3.0993000000e+04 0.0000000000e+00 1.0000000000e+00 0.0000000000e+00
2.1670000000e+01 2.3000000000e+01 6.4100000000e-03 3.3787000000e+04 2.2160000000e+03 2.0000000000e+00 1.0000000000e+00
6.0000000000e+00 1.4090000000e+01 1.0892000000e-02 3.8344000000e+04 1.9933000000e+04 1.0000000000e+00 3.0000000000e+00
1.8870000000e+01 5.5800000000e+00 3.7156000000e-02 2.3077000000e+04 1.0244000000e+04 2.0000000000e+00 2.0000000000e+00
2.2000000000e+01 -1.0000000000e+00 4.1179000000e-02 1.2285000000e+04 0.0000000000e+00 1.0000000000e+00 0.0000000000e+00
2.1250000000e+01 1.5000000000e+01 7.1540000000e-03 3.9944000000e+04 1.7720000000e+03 2.0000000000e+00 1.0000000000e+00
6.0000000000e+00 -1.0000000000e+00 9.8200000000e-03 2.1901000000e+04 0.0000000000e+00 1.0000000000e+00 0.0000000000e+00
6.0000000000e+00 2.4000000000e+01 1.0371000000e-02 2.0975000000e+04 4.9940000000e+03 1.0000000000e+00 1.0000000000e+00
5.0000000000e+00 8.0000000000e+00 1.6735000000e-02 4.4530000000e+03 9.2200000000e+02 1.0000000000e+00 1.0000000000e+00
1.9750000000e+01 1.0700000000e+01 3.8896000000e-02 1.9231000000e+04 8.3300000000e+03 2.0000000000e+00 2.0000000000e+00
6.0800000000e+00 1.5000000000e+01 4.1181000000e-02 4.1344000000e+04 1.4780000000e+03 2.0000000000e+00 1.0000000000e+00
2.1000000000e+01 -1.0000000000e+00 6.6670000000e-03 3.5680000000e+03 0.0000000000e+00 1.0000000000e+00 0.0000000000e+00
2.1000000000e+01 -1.0000000000e+00 8.2150000000e-03 1.9490000000e+04 0.0000000000e+00 1.0000000000e+00 0.0000000000e+00
6.0000000000e+00 2.2880000000e+01 1.5804000000e-02 3.8774000000e+04 1.2035000000e+04 1.0000000000e+00 2.0000000000e+00
2.0480000000e+01 -1.0000000000e+00 4.2158000000e-02 1.3492000000e+04 0.0000000000e+00 2.0000000000e+00 0.0000000000e+00
2.2000000000e+01 2.6490000000e+01 3.6875000000e-02 1.2866000000e+04 5.5320000000e+03 1.0000000000e+00 2.0000000000e+00
2.1000000000e+01 -1.0000000000e+00 3.9338000000e-02 4.5730000000e+03 0.0000000000e+00 1.0000000000e+00 0.0000000000e+00
2.0740000000e+01 -1.0000000000e+00 4.0807000000e-02 1.1778000000e+04 0.0000000000e+00 2.0000000000e+00 0.0000000000e+00
2.0000000000e+01 5.3900000000e+00 1.7102000000e-02 2.6208000000e+04 9.2510000000e+03 1.0000000000e+00 2.0000000000e+00
6.0000000000e+00 -1.0000000000e+00 1.9135000000e-02 4.0890000000e+03 0.0000000000e+00 1.0000000000e+00 0.0000000000e+00
6.5900000000e+00 -1.0000000000e+00 3.8577000000e-02 2.7810000000e+04 0.0000000000e+00 2.0000000000e+00 0.0000000000e+00
1.8730000000e+01 7.0000000000e+00 3.9814000000e-02 4.2605000000e+04 5.9970000000e+03 2.0000000000e+00 1.0000000000e+00
6.0000000000e+00 1.6220000000e+01 1.1835000000e-02 2.3971000000e+04 1.0123000000e+04 1.0000000000e+00 3.0000000000e+00
2.1000000000e+01 -1.0000000000e+00 1.6694000000e-02 2.7450000000e+03 0.0000000000e+00 1.0000000000e+00 0.0000000000e+00
3.1000000000e+01 -1.0000000000e+00 3.1933000000e-02 4.2160000000e+03 0.0000000000e+00 1.0000000000e+00 0.0000000000e+00
2.0130000000e+01 5.5000000000e+00 3.5750000000e-02 1.3937000000e+04 5.6590000000e+03 2.0000000000e+00 2.0000000000e+00
5.0000000000e+00 7.0000000000e+00 3.9522000000e-02 4.0570000000e+04 8.2680000000e+03 1.0000000000e+00 1.0000000000e+00
2.1050000000e+01 1.3820000000e+01 9.9430000000e-03 3.6563000000e+04 1.8945000000e+04 2.0000000000e+00 3.0000000000e+00
2.1000000000e+01 -1.0000000000e+00 4.1582000000e-02 1.2270000000e+03 0.0000000000e+00 1.0000000000e+00 0.0000000000e+00
1.8000000000e+01 1.4740000000e+01 4.9240000000e-02 3.9974000000e+04 1.4824000000e+04 1.0000000000e+00 2.0000000000e+00
1.9000000000e+01 -1.0000000000e+00 4.9244000000e-02 6.4140000000e+03 0.0000000000e+00 1.0000000000e+00 0.0000000000e+00
2.0000000000e+01 5.6900000000e+00 4.2491000000e-02 1.9345000000e+04 6.9000000000e+03 1.0000000000e+00 2.0000000000e+00
2.1000000000e+01 -1.0000000000e+00 4.0925000000e-02 1.8675000000e+04 0.0000000000e+00 1.0000000000e+00 0.0000000000e+00
2.0000000000e+01 8.1000000000e+00 6.6820000000e-03 4.0698000000e+04 8.8550000000e+03 1.0000000000e+00 2.0000000000e+00
1.9000000000e+01 -1.0000000000e+00 6.6860000000e-03 3.9860000000e+03 0.0000000000e+00 1.0000000000e+00 0.0000000000e+00
2.1540000000e+01 2.0530000000e+01 8.6790000000e-03 3.6501000000e+04 1.5197000000e+04 2.0000000000e+00 2.0000000000e+00
2.2000000000e+01 2.1430000000e+01 4.2806000000e-02 2.0327000000e+04 8.1760000000e+03 1.0000000000e+00 2.0000000000e+00
1.9000000000e+01 -1.0000000000e+00 4.5752000000e-02 9.9600000000e+02 0.0000000000e+00 1.0000000000e+00 0.0000000000e+00
1.8780000000e+01 8.1200000000e+00 6.0030000000e-03 1.3217000000e+04 4.6300000000e+03 2.0000000000e+00 2.0000000000e+00
2.0000000000e+01 6.0000000000e+00 8.9430000000e-03 9.1510000000e+03 9.7400000000e+02 1.0000000000e+00 1.0000000000e+00
2.0000000000e+01 -1.0000000000e+00 8.2490000000e-03 1.4150000000e+04 0.0000000000e+00 1.0000000000e+00 0.0000000000e+00
2.1000000000e+01 -1.0000000000e+00 1.1817000000e-02 3.5431000000e+04 0.0000000000e+00 1.0000000000e+00 0.0000000000e+00
2.0000000000e+01 -1.0000000000e+00 1.1822000000e-02 5.1740000000e+03 0.0000000000e+00 1.0000000000e+00 0.0000000000e+00
2.0170000000e+01 -1.0000000000e+00 3.6263000000e-02 2.5367000000e+04 0.0000000000e+00 2.0000000000e+00 0.0000000000e+00
2.1750000000e+01 -1.0000000000e+00 3.7279000000e-02 5.4090000000e+03 0.0000000000e+00 2.0000000000e+00 0.0000000000e+00
2.1000000000e+01 -1.0000000000e+00 3.5574000000e-02 4.1394000000e+04 0.0000000000e+00 1.0000000000e+00 0.0000000000e+00
2.2000000000e+01 -1.0000000000e+00 3.5577000000e-02 4.0470000000e+03 0.0000000000e+00 1.0000000000e+00 0.0000000000e+00
2.0250000000e+01 -1.0000000000e+00 4.5423000000e-02 3.7488000000e+04 0.0000000000e+00 2.0000000000e+00 0.0000000000e+00
2.0630000000e+01 -1.0000000000e+00 1.8673000000e-02 3.7066000000e+04 0.0000000000e+00 2.0000000000e+00 0.0000000000e+00
2.0000000000e+01 8.4700000000e+00 4.1016000000e-02 1.7188000000e+04 6.7800000000e+03 1.0000000000e+00 2.0000000000e+00
2.1000000000e+01 -1.0000000000e+00 7.7790000000e-03 2.0730000000e+03 0.0000000000e+00 1.0000000000e+00 0.0000000000e+00
6.0000000000e+00 -1.0000000000e+00 1.0196000000e-02 2.0990000000e+03 0.0000000000e+00 1.0000000000e+00 0.0000000000e+00
1.3000000000e+01 -1.0000000000e+00 4.6086000000e-02 2.3600000000e+02 0.0000000000e+00 1.0000000000e+00 0.0000000000e+00
2.0310000000e+01 7.0000000000e+00 4.6603000000e-02 3.6872000000e+04 5.3940000000e+03 2.0000000000e+00 1.0000000000e+00
2.2000000000e+01 1.8100000000e+01 4.7161000000e-02 3.5322000000e+04 1.7294000000e+04 1.0000000000e+00 3.0000000000e+00
2.0000000000e+01 -1.0000000000e+00 8.8890000000e-03 2.0790000000e+03 0.0000000000e+00 1.0000000000e+00 0.0000000000e+00
2.0370000000e+01 1.5640000000e+01 4.0457000000e-02 4.0328000000e+04 1.9800000000e+04 2.0000000000e+00 4.0000000000e+00
2.0000000000e+01 -1.0000000000e+00 4.3783000000e-02 4.7060000000e+03 0.0000000000e+00 1.0000000000e+00 0.0000000000e+00
1.9000000000e+01 8.4300000000e+00 8.3970000000e-03 2.1260000000e+04 9.1780000000e+03 1.0000000000e+00 2.0000000000e+00
1.2000000000e+01 -1.0000000000e+00 3.2603000000e-02 1.6080000000e+03 0.0000000000e+00 1.0000000000e+00 0.0000000000e+00
1.9920000000e+01 5.3700000000e+00 3.9701000000e-02 2.4992000000e+04 1.0019000000e+04 2.0000000000e+00 2.0000000000e+00
1.9570000000e+01 -1.0000000000e+00 3.6642000000e-02 2.6439000000e+04 0.0000000000e+00 2.0000000000e+00 0.0000000000e+00
2.2000000000e+01 2.4050000000e+01 4.9753000000e-02 2.1925000000e+04 1.0505000000e+04 1.0000000000e+00 3.0000000000e+00
2.2000000000e+01 2.4000000000e+01 1.3975000000e-02 1.0184000000e+04 2.6880000000e+03 1.0000000000e+00 1.0000000000e+00
2.0000000000e+01 -1.0000000000e+00 6.9760000000e-03 1.8871000000e+04 0.0000000000e+00 1.0000000000e+00 0.0000000000e+00
1.9000000000e+01 -1.0000000000e+00 3.6688000000e-02 3.9600000000e+03 0.0000000000e+00 1.0000000000e+00 0.0000000000e+00
6.0000000000e+00 1.5820000000e+01 4.2791000000e-02 7.8440000000e+03 2.4510000000e+03 1.0000000000e+00 2.0000000000e+00
2.1000000000e+01 2.6270000000e+01 7.8500000000e-03 1.4920000000e+04 5.9690000000e+03 1.0000000000e+00 2.0000000000e+00
5.1600000000e+00 1.1330000000e+01 1.1069000000e-02 3.0434000000e+04 1.3474000000e+04 2.0000000000e+00 3.0000000000e+00
5.0000000000e+00 1.0460000000e+01 4.1264000000e-02 4.0823000000e+04 1.8712000000e+04 1.0000000000e+00 2.0000000000e+00
4.0000000000e+00 -1.0000000000e+00 4.1269000000e-02 6.0670000000e+03 0.0000000000e+00 1.0000000000e+00 0.0000000000e+00
2.0000000000e+01 -1.0000000000e+00 5.2168000000e-02 2.2060000000e+04 0.0000000000e+00 1.0000000000e+00 0.0000000000e+00
5.0000000000e+00 8.8400000000e+00 1.4363000000e-02 3.2206000000e+04 1.5924000000e+04 1.0000000000e+00 3.0000000000e+00
1.9140000000e+01 1.0810000000e+01 4.5953000000e-02 3.2975000000e+04 1.5609000000e+04 2.0000000000e+00 3.0000000000e+00
2.0770000000e+01 1.1000000000e+01 6.4240000000e-03 1.0702000000e+04 3.2160000000e+03 2.0000000000e+00 1.0000000000e+00
2.1210000000e+01 1.1200000000e+01 6.7610000000e-03 4.0258000000e+04 1.9613000000e+04 2.0000000000e+00 3.0000000000e+00
2.0460000000e+01 2.3800000000e+01 8.5470000000e-03 3.7928000000e+04 1.8670000000e+04 2.0000000000e+00 3.0000000000e+00
2.1000000000e+01 -1.0000000000e+00 8.4710000000e-03 3.9899000000e+04 0.0000000000e+00 1.0000000000e+00 0.0000000000e+00
5.6900000000e+00 -1.0000000000e+00 3.7650000000e-02 3.9844000000e+04 0.0000000000e+00 2.0000000000e+00 0.0000000000e+00
2.2000000000e+01 1.8410000000e+01 4.3968000000e-02 1.4694000000e+04 5.4810000000e+03 1.0000000000e+00 2.0000000000e+00
6.0000000000e+00 -1.0000000000e+00 5.5075000000e-02 2.8850000000e+04 0.0000000000e+00 1.0000000000e+00 0.0000000000e+00
1.9390000000e+01 1.0600000000e+01 3.7422000000e-02 1.6161000000e+04 6.9010000000e+03 2.0000000000e+00 2.0000000000e+00
1.8300000000e+01 5.8300000000e+00 4.9215000000e-02 3.6089000000e+04 1.7683000000e+04 2.0000000000e+00 3.0000000000e+00
4.6400000000e+00 1.0790000000e+01 8.8860000000e-03 2.1430000000e+04 7.5420000000e+03 2.0000000000e+00 2.0000000000e+00
5.0000000000e+00 -1.0000000000e+00 1.0446000000e-02 8.7840000000e+03 0.0000000000e+00 1.0000000000e+00 0.0000000000e+00
1.9000000000e+01 -1.0000000000e+00 2.3110000000e-02 6.2750000000e+03 0.0000000000e+00 1.0000000000e+00 0.0000000000e+00
2.1000000000e+01 1.3490000000e+01 4.1182000000e-02 1.6506000000e+04 6.0440000000e+03 1.0000000000e+00 2.0000000000e+00
2.2000000000e+01 1.5740000000e+01 4.1297000000e-02 1.4119000000e+04 4.2810000000e+03 1.0000000000e+00 2.0000000000e+00
5.1400000000e+00 -1.0000000000e+00 4.4744000000e-02 1.9609000000e+04 0.0000000000e+00 2.0000000000e+00 0.0000000000e+00
1.9000000000e+01 6.0000000000e+00 8.0870000000e-03 1.0423000000e+04 1.1540000000e+03 1.0000000000e+00 1.0000000000e+00
1.9320000000e+01 5.9700000000e+00 4.2892000000e-02 2.9753000000e+04 1.4140000000e+04 2.0000000000e+00 3.0000000000e+00
2.2000000000e+01 -1.0000000000e+00 4.0585000000e-02 3.0574000000e+04 0.0000000000e+00 1.0000000000e+00 0.0000000000e+00
2.1330000000e+01 -1.0000000000e+00 3.7622000000e-02 1.3930000000e+04 0.0000000000e+00 2.0000000000e+00 0.0000000000e+00
2.0000000000e+01 -1.0000000000e+00 5.6041000000e-02 3.9248000000e+04 0.0000000000e+00 1.0000000000e+00 0.0000000000e+00
6.0000000000e+00 1.5590000000e+01 1.4686000000e-02 3.4646000000e+04 1.7988000000e+04 1.0000000000e+00 4.0000000000e+00
2.2390000000e+01 -1.0000000000e+00 4.2970000000e-02 2.9757000000e+04 0.0000000000e+00 2.0000000000e+00 0.0000000000e+00
2.0000000000e+01 8.1900000000e+00 6.8510000000e-03 1.6231000000e+04 5.8140000000e+03 1.0000000000e+00 2.0000000000e+00
2.0560000000e+01 1.1100000000e+01 8.5370000000e-03 4.5189000000e+04 2.1818000000e+04 2.0000000000e+00 3.0000000000e+00
1.9250000000e+01 1.3420000000e+01 1.2825000000e-02 1.9456000000e+04 8.0950000000e+03 2.0000000000e+00 2.0000000000e+00
2.1000000000e+01 -1.0000000000e+00 4.0103000000e-02 1.8613000000e+04 0.0000000000e+00 1.0000000000e+00 0.0000000000e+00
2.1820000000e+01 -1.0000000000e+00 3.8678000000e-02 3.8577000000e+04 0.0000000000e+00 3.0000000000e+00 0.0000000000e+00
2.0860000000e+01 -1.0000000000e+00 3.8896000000e-02 1.9616000000e+04 0.0000000000e+00 2.0000000000e+00 0.0000000000e+00
1.9000000000e+01 5.5400000000e+00 1.7092000000e-02 1.0972000000e+04 4.5110000000e+03 1.0000000000e+00 2.0000000000e+00
2.1200000000e+01 7.8400000000e+00 3.9450000000e-02 4.0001000000e+04 2.0138000000e+04 2.0000000000e+00 3.0000000000e+00
1.2000000000e+01 -1.0000000000e+00 5.8343000000e-02 1.4650000000e+03 0.0000000000e+00 1.0000000000e+00 0.0000000000e+00
2.0000000000e+01 1.3260000000e+01 1.3404000000e-02 1.6404000000e+04 5.7340000000e+03 1.0000000000e+00 2.0000000000e+00
8.0000000000e+00 -1.0000000000e+00 4.1653000000e-02 1.0024000000e+04 0.0000000000e+00 1.0000000000e+00 0.0000000000e+00
2.1000000000e+01 1.8850000000e+01 9.6600000000e-03 1.1396000000e+04 3.5840000000e+03 1.0000000000e+00 2.0000000000e+00
5.0100000000e+00 -1.0000000000e+00 1.4063000000e-02 3.5110000000e+04 0.0000000000e+00 2.0000000000e+00 0.0000000000e+00
4.0000000000e+00 -1.0000000000e+00 1.4068000000e-02 4.6140000000e+03 0.0000000000e+00 1.0000000000e+00 0.0000000000e+00
2.0440000000e+01 8.0000000000e+00 3.6213000000e-02 1.0235000000e+04 2.8940000000e+03 2.0000000000e+00 1.0000000000e+00
1.9000000000e+01 -1.0000000000e+00 4.0795000000e-02 2.2466000000e+04 0.0000000000e+00 1.0000000000e+00 0.0000000000e+00
2.0000000000e+01 1.0630000000e+01 3.7346000000e-02 2.3632000000e+04 9.3380000000e+03 1.0000000000e+00 2.0000000000e+00
2.0860000000e+01 -1.0000000000e+00 3.8158000000e-02 1.9526000000e+04 0.0000000000e+00 2.0000000000e+00 0.0000000000e+00
6.6500000000e+00 -1.0000000000e+00 1.4561000000e-02 3.9684000000e+04 0.0000000000e+00 2.0000000000e+00 0.0000000000e+00
3.1000000000e+01 -1.0000000000e+00 2.9122000000e-02 1.9720000000e+03 0.0000000000e+00 1.0000000000e+00 0.0000000000e+00
5.0000000000e+00 7.5700000000e+00 1.3226000000e-02 4.1085000000e+04 2.1137000000e+04 1.0000000000e+00 4.0000000000e+00
3.0000000000e+00 -1.0000000000e+00 2.1253000000e-02 1.3582000000e+04 0.0000000000e+00 1.0000000000e+00 0.0000000000e+00
2.1860000000e+01 2.3810000000e+01 3.9105000000e-02 1.8899000000e+04 9.0660000000e+03 2.0000000000e+00 3.0000000000e+00
2.2000000000e+01 1.8130000000e+01 7.4610000000e-03 3.6799000000e+04 1.8700000000e+04 1.0000000000e+00 3.0000000000e+00
2.3000000000e+01 -1.0000000000e+00 7.4660000000e-03 4.3870000000e+03 0.0000000000e+00 1.0000000000e+00 0.0000000000e+00
2.3730000000e+01 -1.0000000000e+00 9.9630000000e-03 4.2209000000e+04 0.0000000000e+00 2.0000000000e+00 0.0000000000e+00
2.0000000000e+01 -1.0000000000e+00 3.6410000000e-02 2.6426000000e+04 0.0000000000e+00 1.0000000000e+00 0.0000000000e+00
2.3000000000e+01 -1.0000000000e+00 2.7506000000e-02 9.4800000000e+02 0.0000000000e+00 1.0000000000e+00 0.0000000000e+00
6.0000000000e+00 -1.0000000000e+00 4.7118000000e-02 2.8529000000e+04 0.0000000000e+00 1.0000000000e+00 0.0000000000e+00
5.0000000000e+00 1.3600000000e+01 3.7611000000e-02 3.1727000000e+04 1.4060000000e+04 1.0000000000e+00 3.0000000000e+00
2.0000000000e+01 -1.0000000000e+00 9.2050000000e-03 1.4095000000e+04 0.0000000000e+00 1.0000000000e+00 0.0000000000e+00
4.6500000000e+00 1.3670000000e+01 3.7041000000e-02 3.7116000000e+04 1.4918000000e+04 2.0000000000e+00 3.0000000000e+00
2.1000000000e+01 -1.0000000000e+00 3.7960000000e-02 1.1449000000e+04 0.0000000000e+00 1.0000000000e+00 0.0000000000e+00
1.9000000000e+01 -1.0000000000e+00 3.8450000000e-02 5.7550000000e+03 0.0000000000e+00 1.0000000000e+00 0.0000000000e+00
2.1000000000e+01 -1.0000000000e+00 4.2109000000e-02 4.4850000000e+03 0.0000000000e+00 1.0000000000e+00 0.0000000000e+00
5.0000000000e+00 -1.0000000000e+00 1.1450000000e-02 2.8858000000e+04 0.0000000000e+00 1.0000000000e+00 0.0000000000e+00
5.0000000000e+00 -1.0000000000e+00 3.7413000000e-02 2.1346000000e+04 0.0000000000e+00 1.0000000000e+00 0.0000000000e+00
3.1000000000e+01 -1.0000000000e+00 4.5545000000e-02 1.4780000000e+03 0.0000000000e+00 1.0000000000e+00 0.0000000000e+00
1.9000000000e+01 -1.0000000000e+00 7.4480000000e-03 1.6274000000e+04 0.0000000000e+00 1.0000000000e+00 0.0000000000e+00
1.0000000000e+01 -1.0000000000e+00 5.7670000000e-03 1.1830000000e+03 0.0000000000e+00 1.0000000000e+00 0.0000000000e+00
7.0000000000e+00 2.1000000000e+01 7.9560000000e-03 2.1453000000e+04 9.7390000000e+03 1.0000000000e+00 3.0000000000e+00
4.8600000000e+00 -1.0000000000e+00 1.1976000000e-02 3.7216000000e+04 0.0000000000e+00 3.0000000000e+00 0.0000000000e+00
2.1000000000e+01 -1.0000000000e+00 9.9130000000e-03 2.8865000000e+04 0.0000000000e+00 1.0000000000e+00 0.0000000000e+00
2.0000000000e+01 -1.0000000000e+00 6.6300000000e-03 5.3710000000e+03 0.0000000000e+00 1.0000000000e+00 0.0000000000e+00
2.0460000000e+01 2.1130000000e+01 9.6580000000e-03 3.1504000000e+04 1.4909000000e+04 2.0000000000e+00 3.0000000000e+00
3.1000000000e+01 -1.0000000000e+00 4.3367000000e-02 2.1290000000e+03 0.0000000000e+00 1.0000000000e+00 0.0000000000e+00
1.8390000000e+01 -1.0000000000e+00 4.4788000000e-02 3.6519000000e+04 0.0000000000e+00 2.0000000000e+00 0.0000000000e+00
5.9100000000e+00 8.1800000000e+00 1.2181000000e-02 2.4882000000e+04 1.1678000000e+04 2.0000000000e+00 3.0000000000e+00
2.1000000000e+01 -1.0000000000e+00 3.7011000000e-02 3.9040000000e+03 0.0000000000e+00 1.0000000000e+00 0.0000000000e+00
6.0000000000e+00 -1.0000000000e+00 5.6827000000e-02 1.5230000000e+03 0.0000000000e+00 1.0000000000e+00 0.0000000000e+00
2.0000000000e+01 1.7000000000e+01 1.7933000000e-02 3.6400000000e+04 4.5340000000e+03 1.0000000000e+00 1.0000000000e+00
1.8940000000e+01 -1.0000000000e+00 3.7195000000e-02 1.9861000000e+04 0.0000000000e+00 2.0000000000e+00 0.0000000000e+00
2.1000000000e+01 -1.0000000000e+00 3.7333000000e-02 1.9810000000e+03 0.0000000000e+00 1.0000000000e+00 0.0000000000e+00
7.1900000000e+00 2.6360000000e+01 3.8113000000e-02 2.3813000000e+04 1.0920000000e+04 2.0000000000e+00 2.0000000000e+00
2.0000000000e+01 -1.0000000000e+00 3.8496000000e-02 2.2270000000e+03 0.0000000000e+00 1.0000000000e+00 0.0000000000e+00
2.1000000000e+01 -1.0000000000e+00 4.8053000000e-02 6.7800000000e+02 0.0000000000e+00 1.0000000000e+00 0.0000000000e+00
1.9210000000e+01 -1.0000000000e+00 1.1493000000e-02 3.8125000000e+04 0.0000000000e+00 2.0000000000e+00 0.0000000000e+00
2.1000000000e+01 -1.0000000000e+00 4.9430000000e-02 6.5820000000e+03 0.0000000000e+00 1.0000000000e+00 0.0000000000e+00
2.0000000000e+01 -1.0000000000e+00 7.8470000000e-03 2.5599000000e+04 0.0000000000e+00 1.0000000000e+00 0.0000000000e+00
2.1000000000e+01 7.0000000000e+00 9.7080000000e-03 1.9989000000e+04 2.0360000000e+03 1.0000000000e+00 1.0000000000e+00
2.5000000000e+01 -1.0000000000e+00 5.2268000000e-02 2.5000000000e+02 0.0000000000e+00 1.0000000000e+00 0.0000000000e+00
2.0000000000e+01 -1.0000000000e+00 6.5050000000e-03 6.2030000000e+03 0.0000000000e+00 1.0000000000e+00 0.0000000000e+00
3.1000000000e+01 -1.0000000000e+00 8.3450000000e-03 1.2580000000e+03 0.0000000000e+00 1.0000000000e+00 0.0000000000e+00
2.2760000000e+01 2.0740000000e+01 1.0551000000e-02 4.4879000000e+04 2.1850000000e+04 2.0000000000e+00 3.0000000000e+00
3.0000000000e+00 -1.0000000000e+00 3.9945000000e-02 2.8870000000e+03 0.0000000000e+00 1.0000000000e+00 0.0000000000e+00
2.0000000000e+01 1.0670000000e+01 7.9640000000e-03 1.5873000000e+04 5.6610000000e+03 1.0000000000e+00 2.0000000000e+00
1.9000000000e+01 -1.0000000000e+00 1.6433000000e-02 2.9610000000e+03 0.0000000000e+00 1.0000000000e+00 0.0000000000e+00
1.5000000000e+01 -1.0000000000e+00 2.1812000000e-02 1.1100000000e+02 0.0000000000e+00 1.0000000000e+00 0.0000000000e+00
5.3900000000e+00 1.3230000000e+01 4.2164000000e-02 3.6619000000e+04 1.7003000000e+04 2.0000000000e+00 3.0000000000e+00
5.0000000000e+00 1.4000000000e+01 3.8671000000e-02 8.7240000000e+03 8.5600000000e+02 1.0000000000e+00 1.0000000000e+00
5.0000000000e+00 -1.0000000000e+00 2.0447000000e-02 1.6151000000e+04 0.0000000000e+00 1.0000000000e+00 0.0000000000e+00
1.9000000000e+01 -1.0000000000e+00 3.8879000000e-02 3.6463000000e+04 0.0000000000e+00 1.0000000000e+00 0.0000000000e+00
3.1000000000e+01 -1.0000000000e+00 3.9302000000e-02 1.3820000000e+03 0.0000000000e+00 1.0000000000e+00 0.0000000000e+00
2.1000000000e+01 1.6010000000e+01 4.0163000000e-02 3.0774000000e+04 7.1020000000e+03 1.0000000000e+00 2.0000000000e+00
2.1000000000e+01 -1.0000000000e+00 9.0780000000e-03 1.9795000000e+04 0.0000000000e+00 1.0000000000e+00 0.0000000000e+00
5.0000000000e+00 1.0500000000e+01 9.7190000000e-03 4.0349000000e+04 1.8122000000e+04 1.0000000000e+00 2.0000000000e+00
4.0000000000e+00 -1.0000000000e+00 9.7230000000e-03 5.9610000000e+03 0.0000000000e+00 1.0000000000e+00 0.0000000000e+00
4.0000000000e+00 6.0000000000e+00 3.6178000000e-02 1.0599000000e+04 2.3960000000e+03 1.0000000000e+00 1.0000000000e+00
1.9000000000e+01 8.3500000000e+00 3.8221000000e-02 3.2747000000e+04 1.3447000000e+04 1.0000000000e+00 2.0000000000e+00
1.8000000000e+01 -1.0000000000e+00 3.8226000000e-02 3.9930000000e+03 0.0000000000e+00 1.0000000000e+00 0.0000000000e+00
4.6100000000e+00 5.7100000000e+00 1.4381000000e-02 1.5911000000e+04 5.8220000000e+03 2.0000000000e+00 2.0000000000e+00
1.9580000000e+01 1.0590000000e+01 3.6708000000e-02 2.0824000000e+04 8.8940000000e+03 2.0000000000e+00 2.0000000000e+00
8.0000000000e+00 -1.0000000000e+00 5.1950000000e-02 3.7300000000e+02 0.0000000000e+00 1.0000000000e+00 0.0000000000e+00
2.0000000000e+01 8.1300000000e+00 8.7720000000e-03 3.3553000000e+04 1.6144000000e+04 1.0000000000e+00 3.0000000000e+00
2.2000000000e+01 2.1000000000e+01 1.1012000000e-02 7.4560000000e+03 2.0020000000e+03 1.0000000000e+00 1.0000000000e+00
2.0000000000e+01 -1.0000000000e+00 3.8030000000e-02 9.4490000000e+03 0.0000000000e+00 1.0000000000e+00 0.0000000000e+00
3.1000000000e+01 -1.0000000000e+00 5.3746000000e-02 3.6500000000e+02 0.0000000000e+00 1.0000000000e+00 0.0000000000e+00
2.2000000000e+01 2.3950000000e+01 1.0227000000e-02 3.8472000000e+04 2.2273000000e+04 1.0000000000e+00 3.0000000000e+00
2.1000000000e+01 -1.0000000000e+00 1.0230000000e-02 3.8670000000e+03 0.0000000000e+00 1.0000000000e+00 0.0000000000e+00
2.3000000000e+01 -1.0000000000e+00 1.0232000000e-02 3.8460000000e+03 0.0000000000e+00 1.0000000000e+00 0.0000000000e+00
5.0000000000e+00 1.6150000000e+01 4.1668000000e-02 2.2618000000e+04 1.0383000000e+04 1.0000000000e+00 3.0000000000e+00
2.2000000000e+01 2.0580000000e+01 7.9250000000e-03 4.1984000000e+04 2.5782000000e+04 1.0000000000e+00 4.0000000000e+00
2.1000000000e+01 -1.0000000000e+00 7.9290000000e-03 4.5570000000e+03 0.0000000000e+00 1.0000000000e+00 0.0000000000e+00
1.9000000000e+01 1.1000000000e+01 1.1194000000e-02 9.2950000000e+03 1.7490000000e+03 1.0000000000e+00 1.0000000000e+00
1.8910000000e+01 7.9000000000e+00 7.1840000000e-03 1.7894000000e+04 7.9340000000e+03 2.0000000000e+00 3.0000000000e+00
2.1000000000e+01 -1.0000000000e+00 1.2153000000e-02 4.1230000000e+04 0.0000000000e+00 1.0000000000e+00 0.0000000000e+00
2.2000000000e+01 -1.0000000000e+00 1.2157000000e-02 3.7410000000e+03 0.0000000000e+00 1.0000000000e+00 0.0000000000e+00
5.0000000000e+00 1.4000000000e+01 1.4450000000e-02 3.5110000000e+03 1.3700000000e+02 1.0000000000e+00 1.0000000000e+00
2.1000000000e+01 1.4920000000e+01 1.0962000000e-02 4.0011000000e+04 1.0450000000e+04 1.0000000000e+00 2.0000000000e+00
2.2000000000e+01 1.3180000000e+01 1.1554000000e-02 3.1524000000e+04 1.6007000000e+04 1.0000000000e+00 3.0000000000e+00
2.0000000000e+01 1.2850000000e+01 7.5480000000e-03 3.7779000000e+04 1.7904000000e+04 1.0000000000e+00 3.0000000000e+00
2.1000000000e+01 1.6090000000e+01 7.8650000000e-03 4.0225000000e+04 1.1929000000e+04 1.0000000000e+00 2.0000000000e+00
5.0000000000e+00 1.4000000000e+01 1.5767000000e-02 4.3950000000e+03 6.9200000000e+02 1.0000000000e+00 1.0000000000e+00
2.2000000000e+01 1.8590000000e+01 4.4835000000e-02 2.2068000000e+04 8.9590000000e+03 1.0000000000e+00 2.0000000000e+00
1.8000000000e+01 -1.0000000000e+00 7.3560000000e-03 2.8900000000e+02 0.0000000000e+00 1.0000000000e+00 0.0000000000e+00
1.9000000000e+01 -1.0000000000e+00 1.2379000000e-02 2.6265000000e+04 0.0000000000e+00 1.0000000000e+00 0.0000000000e+00
1.9000000000e+01 -1.0000000000e+00 3.7462000000e-02 1.6709000000e+04 0.0000000000e+00 1.0000000000e+00 0.0000000000e+00
2.2000000000e+01 -1.0000000000e+00 4.5100000000e-02 1.2854000000e+04 0.0000000000e+00 1.0000000000e+00 0.0000000000e+00
4.0000000000e+00 -1.0000000000e+00 8.8140000000e-03 4.1900000000e+02 0.0000000000e+00 1.0000000000e+00 0.0000000000e+00
6.0000000000e+00 -1.0000000000e+00 3.8354000000e-02 3.0050000000e+03 0.0000000000e+00 1.0000000000e+00 0.0000000000e+00
2.1000000000e+01 1.4870000000e+01 4.1165000000e-02 4.0551000000e+04 1.2247000000e+04 1.0000000000e+00 2.0000000000e+00
2.2000000000e+01 -1.0000000000e+00 4.1169000000e-02 3.9430000000e+03 0.0000000000e+00 1.0000000000e+00 0.0000000000e+00
1.2000000000e+01 -1.0000000000e+00 5.8383000000e-02 5.4000000000e+02 0.0000000000e+00 1.0000000000e+00 0.0000000000e+00
2.0000000000e+01 5.8600000000e+00 1.0272000000e-02 2.9133000000e+04 1.2081000000e+04 1.0000000000e+00 3.0000000000e+00
3.1000000000e+01 -1.0000000000e+00 4.3037000000e-02 1.7370000000e+03 0.0000000000e+00 1.0000000000e+00 0.0000000000e+00
3.0000000000e+01 -1.0000000000e+00 4.3167000000e-02 1.1100000000e+03 0.0000000000e+00 1.0000000000e+00 0.0000000000e+00
1.9000000000e+01 7.0000000000e+00 5.0150000000e-02 2.1914000000e+04 1.5720000000e+03 1.0000000000e+00 1.0000000000e+00
2.0500000000e+01 7.0000000000e+00 7.0030000000e-03 2.4685000000e+04 2.6310000000e+03 2.0000000000e+00 1.0000000000e+00
5.0000000000e+00 -1.0000000000e+00 4.0442000000e-02 2.8065000000e+04 0.0000000000e+00 1.0000000000e+00 0.0000000000e+00
1.9200000000e+01 5.7200000000e+00 4.4307000000e-02 2.9027000000e+04 1.2980000000e+04 2.0000000000e+00 3.0000000000e+00
1.2000000000e+01 -1.0000000000e+00 2.3730000000e-03 1.8670000000e+03 0.0000000000e+00 1.0000000000e+00 0.0000000000e+00
4.0000000000e+00 -1.0000000000e+00 9.6250000000e-03 4.5990000000e+03 0.0000000000e+00 1.0000000000e+00 0.0000000000e+00
2.0000000000e+01 1.6150000000e+01 1.5568000000e-02 2.5866000000e+04 1.2094000000e+04 1.0000000000e+00 3.0000000000e+00
1.6000000000e+01 -1.0000000000e+00 4.0735000000e-02 1.2230000000e+03 0.0000000000e+00 1.0000000000e+00 0.0000000000e+00
2.1500000000e+01 -1.0000000000e+00 3.8459000000e-02 1.9602000000e+04 0.0000000000e+00 2.0000000000e+00 0.0000000000e+00
1.9540000000e+01 -1.0000000000e+00 3.9162000000e-02 4.7382000000e+04 0.0000000000e+00 2.0000000000e+00 0.0000000000e+00
2.1000000000e+01 -1.0000000000e+00 1.1899000000e-02 1.9210000000e+03 0.0000000000e+00 1.0000000000e+00 0.0000000000e+00
2.2000000000e+01 -1.0000000000e+00 4.0071000000e-02 2.1540000000e+03 0.0000000000e+00 1.0000000000e+00 0.0000000000e+00
2.0000000000e+01 -1.0000000000e+00 1.1883000000e-02 1.3997000000e+04 0.0000000000e+00 1.0000000000e+00 0.0000000000e+00
2.2340000000e+01 2.4610000000e+01 3.8018000000e-02 4.7817000000e+04 2.2739000000e+04 2.0000000000e+00 3.0000000000e+00
3.1000000000e+01 -1.0000000000e+00 1.7860000000e-02 2.1500000000e+03 0.0000000000e+00 1.0000000000e+00 0.0000000000e+00
2.0310000000e+01 -1.0000000000e+00 3.6610000000e-02 3.8984000000e+04 0.0000000000e+00 2.0000000000e+00 0.0000000000e+00
2.0090000000e+01 8.0000000000e+00 9.2120000000e-03 8.5200000000e+03 2.4750000000e+03 2.0000000000e+00 1.0000000000e+00
2.0510000000e+01 1.3710000000e+01 1.5754000000e-02 3.3394000000e+04 1.6278000000e+04 2.0000000000e+00 3.0000000000e+00
2.2000000000e+01 -1.0000000000e+00 8.1200000000e-03 6.8950000000e+03 0.0000000000e+00 1.0000000000e+00 0.0000000000e+00
2.1000000000e+01 -1.0000000000e+00 3.7919000000e-02 3.3187000000e+04 0.0000000000e+00 1.0000000000e+00 0.0000000000e+00
6.0000000000e+00 -1.0000000000e+00 3.8887000000e-02 4.0364000000e+04 0.0000000000e+00 1.0000000000e+00 0.0000000000e+00
5.0000000000e+00 -1.0000000000e+00 3.8891000000e-02 3.9250000000e+03 0.0000000000e+00 1.0000000000e+00 0.0000000000e+00
3.1000000000e+01 -1.0000000000e+00 4.3011000000e-02 2.9210000000e+03 0.0000000000e+00 1.0000000000e+00 0.0000000000e+00
2.1000000000e+01 -1.0000000000e+00 4.8188000000e-02 4.1250000000e+04 0.0000000000e+00 1.0000000000e+00 0.0000000000e+00
2.0690000000e+01 -1.0000000000e+00 5.1062000000e-02 2.0313000000e+04 0.0000000000e+00 2.0000000000e+00 0.0000000000e+00
2.1000000000e+01 -1.0000000000e+00 3.6426000000e-02 3.8270000000e+03 0.0000000000e+00 1.0000000000e+00 0.0000000000e+00
1.9740000000e+01 8.0000000000e+00 4.7461000000e-02 7.3190000000e+03 1.0420000000e+03 2.0000000000e+00 1.0000000000e+00
2.0330000000e+01 1.3390000000e+01 9.1840000000e-03 2.1078000000e+04 9.2900000000e+03 2.0000000000e+00 2.0000000000e+00
2.0400000000e+01 1.3690000000e+01 4.8300000000e-02 1.2222000000e+04 4.7470000000e+03 2.0000000000e+00 2.0000000000e+00
1.9310000000e+01 7.7500000000e+00 4.1581000000e-02 1.6796000000e+04 6.4150000000e+03 2.0000000000e+00 2.0000000000e+00
1.3000000000e+01 -1.0000000000e+00 4.8670000000e-03 8.1300000000e+02 0.0000000000e+00 1.0000000000e+00 0.0000000000e+00
1.9000000000e+01 -1.0000000000e+00 1.5167000000e-02 7.8600000000e+03 0.0000000000e+00 1.0000000000e+00 0.0000000000e+00
2.0130000000e+01 -1.0000000000e+00 4.3669000000e-02 1.4236000000e+04 0.0000000000e+00 2.0000000000e+00 0.0000000000e+00
5.3800000000e+00 -1.0000000000e+00 4.9093000000e-02 3.1183000000e+04 0.0000000000e+00 2.0000000000e+00 0.0000000000e+00
1.9000000000e+01 5.0000000000e+00 3.7047000000e-02 8.0350000000e+03 1.2540000000e+03 1.0000000000e+00 1.0000000000e+00
2.2000000000e+01 -1.0000000000e+00 4.1000000000e-04 1.1780000000e+03 0.0000000000e+00 1.0000000000e+00 0.0000000000e+00
2.1000000000e+01 -1.0000000000e+00 4.3566000000e-02 3.1200000000e+03 0.0000000000e+00 1.0000000000e+00 0.0000000000e+00
2.0000000000e+01 -1.0000000000e+00 1.8341000000e-02 1.5283000000e+04 0.0000000000e+00 1.0000000000e+00 0.0000000000e+00
2.1000000000e+01 1.3540000000e+01 4.0874000000e-02 2.6066000000e+04 1.0370000000e+04 1.0000000000e+00 2.0000000000e+00
6.0000000000e+00 -1.0000000000e+00 4.1271000000e-02 4.0265000000e+04 0.0000000000e+00 1.0000000000e+00 0.0000000000e+00
7.0000000000e+00 -1.0000000000e+00 4.1276000000e-02 4.2880000000e+03 0.0000000000e+00 1.0000000000e+00 0.0000000000e+00
2.2390000000e+01 -1.0000000000e+00 4.2287000000e-02 2.5569000000e+04 0.0000000000e+00 2.0000000000e+00 0.0000000000e+00
2.1000000000e+01 -1.0000000000e+00 3.6304000000e-02 1.5121000000e+04 0.0000000000e+00 1.0000000000e+00 0.0000000000e+00
2.1000000000e+01 2.4480000000e+01 3.9992000000e-02 4.1243000000e+04 1.9716000000e+04 1.0000000000e+00 3.0000000000e+00
2.1500000000e+01 -1.0000000000e+00 1.1461000000e-02 3.2738000000e+04 0.0000000000e+00 2.0000000000e+00 0.0000000000e+00
1.9910000000e+01 -1.0000000000e+00 1.6392000000e-02 3.6863000000e+04 0.0000000000e+00 2.0000000000e+00 0.0000000000e+00
5.3200000000e+00 5.6100000000e+00 3.7592000000e-02 3.0831000000e+04 1.3352000000e+04 2.0000000000e+00 3.0000000000e+00
5.3300000000e+00 -1.0000000000e+00 1.0662000000e-02 3.2485000000e+04 0.0000000000e+00 2.0000000000e+00 0.0000000000e+00
6.0000000000e+00 -1.0000000000e+00 1.9197000000e-02 3.3600000000e+02 0.0000000000e+00 1.0000000000e+00 0.0000000000e+00
4.0000000000e+00 -1.0000000000e+00 2.0214000000e-02 4.1500000000e+03 0.0000000000e+00 1.0000000000e+00 0.0000000000e+00
5.6600000000e+00 -1.0000000000e+00 1.4997000000e-02 3.7779000000e+04 0.0000000000e+00 2.0000000000e+00 0.0000000000e+00
1.3000000000e+01 -1.0000000000e+00 3.3390000000e-02 4.0900000000e+02 0.0000000000e+00 1.0000000000e+00 0.0000000000e+00
4.7500000000e+00 7.9300000000e+00 8.2740000000e-03 3.1204000000e+04 1.4304000000e+04 2.0000000000e+00 3.0000000000e+00
1.9000000000e+01 1.8840000000e+01 3.0068000000e-02 2.3367000000e+04 9.5920000000e+03 1.0000000000e+00 3.0000000000e+00
5.0000000000e+00 1.6040000000e+01 4.0002000000e-02 1.4333000000e+04 4.2550000000e+03 1.0000000000e+00 2.0000000000e+00
1.8580000000e+01 -1.0000000000e+00 1.4497000000e-02 3.3656000000e+04 0.0000000000e+00 2.0000000000e+00 0.0000000000e+00
1.9500000000e+01 -1.0000000000e+00 4.2901000000e-02 1.2224000000e+04 0.0000000000e+00 2.0000000000e+00 0.0000000000e+00
2.1640000000e+01 -1.0000000000e+00 7.6580000000e-03 4.6184000000e+04 0.0000000000e+00 2.0000000000e+00 0.0000000000e+00
2.3000000000e+01 -1.0000000000e+00 7.6630000000e-03 3.9320000000e+03 0.0000000000e+00 1.0000000000e+00 0.0000000000e+00
1.1000000000e+01 -1.0000000000e+00 1.9157000000e-02 1.0110000000e+03 0.0000000000e+00 1.0000000000e+00 0.0000000000e+00
2.2000000000e+01 2.1800000000e+01 4.4371000000e-02 3.7676000000e+04 1.8612000000e+04 1.0000000000e+00 3.0000000000e+00
2.0180000000e+01 1.6000000000e+01 4.2351000000e-02 7.5150000000e+03 1.4910000000e+03 2.0000000000e+00 1.0000000000e+00
4.7500000000e+00 8.4000000000e+00 6.6160000000e-03 7.5620000000e+03 2.9630000000e+03 2.0000000000e+00 2.0000000000e+00
9.0000000000e+00 -1.0000000000e+00 8.9900000000e-03 1.0010000000e+03 0.0000000000e+00 1.0000000000e+00 0.0000000000e+00
4.9300000000e+00 6.0000000000e+00 1.0185000000e-02 1.3348000000e+04 3.8070000000e+03 2.0000000000e+00 1.0000000000e+00
1.0000000000e+01 -1.0000000000e+00 3.5720000000e-02 1.6110000000e+03 0.0000000000e+00 1.0000000000e+00 0.0000000000e+00
5.0000000000e+00 -1.0000000000e+00 3.9043000000e-02 8.7920000000e+03 0.0000000000e+00 1.0000000000e+00 0.0000000000e+00
2.1000000000e+01 -1.0000000000e+00 4.1762000000e-02 7.3780000000e+03 0.0000000000e+00 1.0000000000e+00 0.0000000000e+00
2.0000000000e+01 9.0000000000e+00 4.2801000000e-02 3.9443000000e+04 2.1585000000e+04 1.0000000000e+00 3.0000000000e+00
4.6700000000e+00 5.1600000000e+00 4.9952000000e-02 3.6252000000e+04 1.6977000000e+04 2.0000000000e+00 3.0000000000e+00
1.9000000000e+01 -1.0000000000e+00 1.1753000000e-02 2.4976000000e+04 0.0000000000e+00 1.0000000000e+00 0.0000000000e+00
1.9090000000e+01 -1.0000000000e+00 1.6676000000e-02 3.3237000000e+04 0.0000000000e+00 2.0000000000e+00 0.0000000000e+00
2.1000000000e+01 -1.0000000000e+00 4.4261000000e-02 6.2690000000e+03 0.0000000000e+00 1.0000000000e+00 0.0000000000e+00
2.2000000000e+01 -1.0000000000e+00 4.5329000000e-02 2.0304000000e+04 0.0000000000e+00 1.0000000000e+00 0.0000000000e+00
3.1000000000e+01 -1.0000000000e+00 1.3960000000e-03 1.8560000000e+03 0.0000000000e+00 1.0000000000e+00 0.0000000000e+00
1.9000000000e+01 -1.0000000000e+00 1.4677000000e-02 1.1880000000e+03 0.0000000000e+00 1.0000000000e+00 0.0000000000e+00
2.2000000000e+01 -1.0000000000e+00 3.9124000000e-02 5.4620000000e+03 0.0000000000e+00 1.0000000000e+00 0.0000000000e+00
2.1000000000e+01 -1.0000000000e+00 4.0657000000e-02 1.3738000000e+04 0.0000000000e+00 1.0000000000e+00 0.0000000000e+00
1.9590000000e+01 5.5000000000e+00 3.6654000000e-02 2.5688000000e+04 1.0943000000e+04 2.0000000000e+00 2.0000000000e+00
2.4000000000e+01 -1.0000000000e+00 8.7380000000e-03 1.0260000000e+03 0.0000000000e+00 1.0000000000e+00 0.0000000000e+00
6.0000000000e+00 -1.0000000000e+00 9.1900000000e-03 9.4890000000e+03 0.0000000000e+00 1.0000000000e+00 0.0000000000e+00
2.2000000000e+01 2.3000000000e+01 1.4254000000e-02 3.8045000000e+04 1.3990000000e+03 1.0000000000e+00 1.0000000000e+00
2.3000000000e+01 2.0840000000e+01 4.4605000000e-02 3.5795000000e+04 1.8290000000e+04 1.0000000000e+00 3.0000000000e+00
2.1380000000e+01 1.8090000000e+01 4.1136000000e-02 3.9509000000e+04 1.9495000000e+04 2.0000000000e+00 3.0000000000e+00
2.0000000000e+01 1.6320000000e+01 4.4462000000e-02 3.3379000000e+04 1.3086000000e+04 1.0000000000e+00 2.0000000000e+00
2.1000000000e+01 -1.0000000000e+00 4.4467000000e-02 4.8970000000e+03 0.0000000000e+00 1.0000000000e+00 0.0000000000e+00
2.0000000000e+01 -1.0000000000e+00 5.0475000000e-02 2.9000000000e+02 0.0000000000e+00 1.0000000000e+00 0.0000000000e+00
2.1000000000e+01 -1.0000000000e+00 7.3050000000e-03 4.7090000000e+03 0.0000000000e+00 1.0000000000e+00 0.0000000000e+00
1.9520000000e+01 -1.0000000000e+00 1.3382000000e-02 3.8368000000e+04 0.0000000000e+00 2.0000000000e+00 0.0000000000e+00
1.9000000000e+01 -1.0000000000e+00 3.8971000000e-02 1.4109000000e+04 0.0000000000e+00 1.0000000000e+00 0.0000000000e+00
1.8690000000e+01 -1.0000000000e+00 4.0126000000e-02 2.8459000000e+04 0.0000000000e+00 2.0000000000e+00 0.0000000000e+00
2.1000000000e+01 -1.0000000000e+00 9.1440000000e-03 2.0009000000e+04 0.0000000000e+00 1.0000000000e+00 0.0000000000e+00
2.1200000000e+01 -1.0000000000e+00 9.8150000000e-03 3.2388000000e+04 0.0000000000e+00 2.0000000000e+00 0.0000000000e+00
2.1000000000e+01 -1.0000000000e+00 3.6126000000e-02 2.8221000000e+04 0.0000000000e+00 1.0000000000e+00 0.0000000000e+00
2.2140000000e+01 2.4250000000e+01 3.5854000000e-02 3.5353000000e+04 1.7670000000e+04 2.0000000000e+00 3.0000000000e+00
2.1000000000e+01 1.6220000000e+01 3.7422000000e-02 1.5766000000e+04 5.4730000000e+03 1.0000000000e+00 2.0000000000e+00
1.8000000000e+01 -1.0000000000e+00 3.9547000000e-02 3.8238000000e+04 0.0000000000e+00 1.0000000000e+00 0.0000000000e+00
1.9000000000e+01 -1.0000000000e+00 3.9552000000e-02 4.8600000000e+03 0.0000000000e+00 1.0000000000e+00 0.0000000000e+00
2.0000000000e+01 -1.0000000000e+00 1.1044000000e-02 1.2491000000e+04 0.0000000000e+00 1.0000000000e+00 0.0000000000e+00
1.9000000000e+01 8.0000000000e+00 8.3420000000e-03 3.6477000000e+04 7.1660000000e+03 1.0000000000e+00 1.0000000000e+00
1.8000000000e+01 -1.0000000000e+00 8.3460000000e-03 5.4370000000e+03 0.0000000000e+00 1.0000000000e+00 0.0000000000e+00
2.1000000000e+01 8.0000000000e+00 3.7230000000e-02 1.4192000000e+04 4.2710000000e+03 1.0000000000e+00 1.0000000000e+00
1.9000000000e+01 1.3370000000e+01 4.2306000000e-02 1.9324000000e+04 7.3170000000e+03 1.0000000000e+00 2.0000000000e+00
1.8000000000e+01 -1.0000000000e+00 6.6500000000e-03 4.5630000000e+03 0.0000000000e+00 1.0000000000e+00 0.0000000000e+00
6.0000000000e+00 1.6400000000e+01 4.1079000000e-02 2.6997000000e+04 1.0386000000e+04 1.0000000000e+00 2.0000000000e+00
2.1000000000e+01 1.3570000000e+01 4.1091000000e-02 1.2033000000e+04 4.0420000000e+03 1.0000000000e+00 2.0000000000e+00
4.0000000000e+00 5.7300000000e+00 4.5204000000e-02 1.6668000000e+04 4.7350000000e+03 1.0000000000e+00 2.0000000000e+00
2.1000000000e+01 1.6080000000e+01 3.6762000000e-02 1.9904000000e+04 9.0080000000e+03 1.0000000000e+00 3.0000000000e+00
2.0000000000e+01 1.2940000000e+01 3.9757000000e-02 3.8445000000e+04 1.8659000000e+04 1.0000000000e+00 3.0000000000e+00
1.9000000000e+01 -1.0000000000e+00 3.9761000000e-02 3.6550000000e+03 0.0000000000e+00 1.0000000000e+00 0.0000000000e+00
4.0000000000e+00 2.0910000000e+01 1.4063000000e-02 2.2768000000e+04 8.8840000000e+03 1.0000000000e+00 3.0000000000e+00
4.0000000000e+00 -1.0000000000e+00 3.8545000000e-02 1.2751000000e+04 0.0000000000e+00 1.0000000000e+00 0.0000000000e+00
2.0000000000e+01 8.4600000000e+00 3.9436000000e-02 1.3341000000e+04 5.8870000000e+03 1.0000000000e+00 2.0000000000e+00
2.1000000000e+01 1.5000000000e+01 5.3252000000e-02 2.1144000000e+04 8.6200000000e+02 1.0000000000e+00 1.0000000000e+00
6.0000000000e+00 -1.0000000000e+00 5.3914000000e-02 2.4300000000e+02 0.0000000000e+00 1.0000000000e+00 0.0000000000e+00
2.2000000000e+01 2.3430000000e+01 8.3480000000e-03 3.7778000000e+04 2.1193000000e+04 1.0000000000e+00 4.0000000000e+00
2.3000000000e+01 -1.0000000000e+00 8.3520000000e-03 4.9260000000e+03 0.0000000000e+00 1.0000000000e+00 0.0000000000e+00
5.8500000000e+00 2.0770000000e+01 1.3618000000e-02 3.9991000000e+04 2.1917000000e+04 2.0000000000e+00 3.0000000000e+00
1.0000000000e+00 -1.0000000000e+00 2.1914000000e-02 4.5300000000e+02 0.0000000000e+00 1.0000000000e+00 0.0000000000e+00
1.9600000000e+01 6.0000000000e+00 4.3924000000e-02 5.3686000000e+04 2.7109000000e+04 2.0000000000e+00 3.0000000000e+00
1.8000000000e+01 -1.0000000000e+00 4.3928000000e-02 3.7340000000e+03 0.0000000000e+00 1.0000000000e+00 0.0000000000e+00
2.0740000000e+01 -1.0000000000e+00 4.0709000000e-02 3.6557000000e+04 0.0000000000e+00 2.0000000000e+00 0.0000000000e+00
2.0000000000e+01 -1.0000000000e+00 4.5997000000e-02 1.6338000000e+04 0.0000000000e+00 1.0000000000e+00 0.0000000000e+00
1.8960000000e+01 -1.0000000000e+00 8.4300000000e-03 3.1180000000e+04 0.0000000000e+00 2.0000000000e+00 0.0000000000e+00
6.0000000000e+00 -1.0000000000e+00 8.6510000000e-03 3.8781000000e+04 0.0000000000e+00 3.0000000000e+00 0.0000000000e+00
5.1800000000e+00 -1.0000000000e+00 1.4890000000e-02 2.6974000000e+04 0.0000000000e+00 2.0000000000e+00 0.0000000000e+00
5.3800000000e+00 -1.0000000000e+00 2.4088000000e-02 5.3646000000e+04 0.0000000000e+00 2.0000000000e+00 0.0000000000e+00
4.0000000000e+00 -1.0000000000e+00 2.4093000000e-02 4.7480000000e+03 0.0000000000e+00 1.0000000000e+00 0.0000000000e+00
2.1540000000e+01 1.6120000000e+01 3.7011000000e-02 3.2058000000e+04 1.6789000000e+04 2.0000000000e+00 3.0000000000e+00
2.0000000000e+01 -1.0000000000e+00 4.0045000000e-02 3.3660000000e+04 0.0000000000e+00 1.0000000000e+00 0.0000000000e+00
6.0000000000e+00 -1.0000000000e+00 4.4758000000e-02 2.6355000000e+04 0.0000000000e+00 1.0000000000e+00 0.0000000000e+00
3.1000000000e+01 -1.0000000000e+00 4.6468000000e-02 2.2530000000e+03 0.0000000000e+00 1.0000000000e+00 0.0000000000e+00
2.2000000000e+01 -1.0000000000e+00 4.9750000000e-02 4.2420000000e+03 0.0000000000e+00 1.0000000000e+00 0.0000000000e+00
1.9000000000e+01 -1.0000000000e+00 9.0220000000e-03 5.0760000000e+03 0.0000000000e+00 1.0000000000e+00 0.0000000000e+00
5.0000000000e+00 -1.0000000000e+00 9.3360000000e-03 1.1961000000e+04 0.0000000000e+00 1.0000000000e+00 0.0000000000e+00
1.1000000000e+01 -1.0000000000e+00 2.6070000000e-02 5.7900000000e+02 0.0000000000e+00 1.0000000000e+00 0.0000000000e+00
1.8440000000e+01 5.2000000000e+00 3.7455000000e-02 2.7935000000e+04 1.2983000000e+04 2.0000000000e+00 3.0000000000e+00
5.0000000000e+00 -1.0000000000e+00 7.2720000000e-03 2.2606000000e+04 0.0000000000e+00 1.0000000000e+00 0.0000000000e+00
0.0000000000e+00 -1.0000000000e+00 1.0258000000e-02 1.3640000000e+03 0.0000000000e+00 1.0000000000e+00 0.0000000000e+00
2.2000000000e+01 2.1530000000e+01 3.7683000000e-02 3.5696000000e+04 1.5543000000e+04 1.0000000000e+00 2.0000000000e+00
2.3000000000e+01 -1.0000000000e+00 3.7687000000e-02 4.4170000000e+03 0.0000000000e+00 1.0000000000e+00 0.0000000000e+00
2.0000000000e+01 2.1680000000e+01 4.0955000000e-02 3.5234000000e+04 1.6838000000e+04 1.0000000000e+00 3.0000000000e+00
2.0000000000e+01 -1.0000000000e+00 4.0790000000e-02 4.3590000000e+03 0.0000000000e+00 1.0000000000e+00 0.0000000000e+00
2.1670000000e+01 -1.0000000000e+00 2.2960000000e-02 4.1748000000e+04 0.0000000000e+00 2.0000000000e+00 0.0000000000e+00
2.3000000000e+01 -1.0000000000e+00 2.2964000000e-02 3.1980000000e+03 0.0000000000e+00 1.0000000000e+00 0.0000000000e+00
2.0000000000e+01 -1.0000000000e+00 7.2330000000e-03 2.3029000000e+04 0.0000000000e+00 1.0000000000e+00 0.0000000000e+00
5.0000000000e+00 -1.0000000000e+00 3.5984000000e-02 9.2620000000e+03 0.0000000000e+00 1.0000000000e+00 0.0000000000e+00
2.2000000000e+01 2.6360000000e+01 3.7327000000e-02 2.5536000000e+04 1.0564000000e+04 1.0000000000e+00 2.0000000000e+00
2.1000000000e+01 -1.0000000000e+00 4.2920000000e-02 3.8397000000e+04 0.0000000000e+00 1.0000000000e+00 0.0000000000e+00
3.1000000000e+01 -1.0000000000e+00 4.2800000000e-03 3.4860000000e+03 0.0000000000e+00 1.0000000000e+00 0.0000000000e+00
2.1000000000e+01 -1.0000000000e+00 1.1805000000e-02 3.2230000000e+03 0.0000000000e+00 1.0000000000e+00 0.0000000000e+00
5.0000000000e+00 1.6000000000e+01 1.2706000000e-02 1.5361000000e+04 4.0350000000e+03 1.0000000000e+00 1.0000000000e+00
3.1000000000e+01 -1.0000000000e+00 1.4390000000e-02 3.3180000000e+03 0.0000000000e+00 1.0000000000e+00 0.0000000000e+00
2.1000000000e+01 1.0500000000e+01 3.8745000000e-02 2.3431000000e+04 8.9660000000e+03 1.0000000000e+00 2.0000000000e+00
2.1000000000e+01 1.3810000000e+01 6.3170000000e-03 3.7075000000e+04 1.7832000000e+04 1.0000000000e+00 3.0000000000e+00
5.0000000000e+00 -1.0000000000e+00 8.6340000000e-03 2.7650000000e+03 0.0000000000e+00 1.0000000000e+00 0.0000000000e+00
2.3000000000e+01 -1.0000000000e+00 8.7310000000e-03 2.2990000000e+03 0.0000000000e+00 1.0000000000e+00 0.0000000000e+00
2.1000000000e+01 1.8560000000e+01 1.0048000000e-02 1.1222000000e+04 3.7840000000e+03 1.0000000000e+00 2.0000000000e+00
6.1500000000e+00 1.1130000000e+01 1.7590000000e-02 3.6515000000e+04 1.9373000000e+04 2.0000000000e+00 3.0000000000e+00
2.0000000000e+01 -1.0000000000e+00 8.8910000000e-03 2.7744000000e+04 0.0000000000e+00 1.0000000000e+00 0.0000000000e+00
2.2000000000e+01 -1.0000000000e+00 1.3724000000e-02 1.2520000000e+04 0.0000000000e+00 1.0000000000e+00 0.0000000000e+00
2.0000000000e+01 -1.0000000000e+00 8.2280000000e-03 2.1000000000e+03 0.0000000000e+00 1.0000000000e+00 0.0000000000e+00
2.0000000000e+00 -1.0000000000e+00 1.1169000000e-02 1.9600000000e+04 0.0000000000e+00 1.0000000000e+00 0.0000000000e+00
2.1000000000e+01 -1.0000000000e+00 4.8091000000e-02 2.6688000000e+04 0.0000000000e+00 1.0000000000e+00 0.0000000000e+00
2.0360000000e+01 -1.0000000000e+00 3.7973000000e-02 4.5657000000e+04 0.0000000000e+00 2.0000000000e+00 0.0000000000e+00
2.0000000000e+01 -1.0000000000e+00 2.2390000000e-02 2.1940000000e+03 0.0000000000e+00 1.0000000000e+00 0.0000000000e+00
2.2470000000e+01 2.1220000000e+01 4.1476000000e-02 1.6291000000e+04 6.2310000000e+03 2.0000000000e+00 2.0000000000e+00
6.0000000000e+00 -1.0000000000e+00 5.5196000000e-02 2.0300000000e+02 0.0000000000e+00 1.0000000000e+00 0.0000000000e+00
6.1600000000e+00 -1.0000000000e+00 7.2830000000e-03 3.9856000000e+04 0.0000000000e+00 2.0000000000e+00 0.0000000000e+00
5.1200000000e+00 1.3290000000e+01 1.0939000000e-02 9.5910000000e+03 3.5760000000e+03 2.0000000000e+00 2.0000000000e+00
2.1000000000e+01 1.6380000000e+01 1.0955000000e-02 1.2344000000e+04 5.4250000000e+03 1.0000000000e+00 2.0000000000e+00
5.0000000000e+00 -1.0000000000e+00 4.1745000000e-02 3.2559000000e+04 0.0000000000e+00 1.0000000000e+00 0.0000000000e+00
2.2470000000e+01 -1.0000000000e+00 8.2230000000e-03 2.3111000000e+04 0.0000000000e+00 2.0000000000e+00 0.0000000000e+00
2.2000000000e+01 -1.0000000000e+00 1.1470000000e-02 1.4328000000e+04 0.0000000000e+00 1.0000000000e+00 0.0000000000e+00
2.2000000000e+01 1.3050000000e+01 1.1450000000e-02 2.9242000000e+04 1.4134000000e+04 1.0000000000e+00 3.0000000000e+00
3.0000000000e+01 -1.0000000000e+00 2.3659000000e-02 9.1500000000e+02 0.0000000000e+00 1.0000000000e+00 0.0000000000e+00
2.0000000000e+01 1.8510000000e+01 4.0600000000e-02 1.7317000000e+04 7.1230000000e+03 1.0000000000e+00 2.0000000000e+00
3.1000000000e+01 -1.0000000000e+00 9.4000000000e-05 1.9820000000e+03 0.0000000000e+00 1.0000000000e+00 0.0000000000e+00
2.1360000000e+01 2.1070000000e+01 1.2103000000e-02 2.1945000000e+04 1.0109000000e+04 2.0000000000e+00 3.0000000000e+00
1.9000000000e+01 7.0000000000e+00 3.8544000000e-02 2.1121000000e+04 1.7400000000e+03 1.0000000000e+00 1.0000000000e+00
2.1000000000e+01 -1.0000000000e+00 1.0909000000e-02 6.0550000000e+03 0.0000000000e+00 1.0000000000e+00 0.0000000000e+00
0.0000000000e+00 -1.0000000000e+00 4.4513000000e-02 3.9070000000e+03 0.0000000000e+00 1.0000000000e+00 0.0000000000e+00
2.1000000000e+01 -1.0000000000e+00 6.6300000000e-03 1.1780000000e+03 0.0000000000e+00 1.0000000000e+00 0.0000000000e+00
2.1000000000e+01 1.0480000000e+01 1.1814000000e-02 2.0637000000e+04 8.7150000000e+03 1.0000000000e+00 2.0000000000e+00
3.1000000000e+01 -1.0000000000e+00 3.0688000000e-02 2.0000000000e+01 0.0000000000e+00 1.0000000000e+00 0.0000000000e+00
2.1150000000e+01 1.1000000000e+01 6.0730000000e-03 9.5380000000e+03 2.7890000000e+03 2.0000000000e+00 1.0000000000e+00
2.1000000000e+01 1.8630000000e+01 1.4274000000e-02 2.4790000000e+04 1.0155000000e+04 1.0000000000e+00 2.0000000000e+00
7.0000000000e+00 2.1270000000e+01 1.7997000000e-02 1.9504000000e+04 7.5490000000e+03 1.0000000000e+00 2.0000000000e+00
6.0000000000e+00 1.3800000000e+01 4.7116000000e-02 2.7375000000e+04 1.1189000000e+04 1.0000000000e+00 3.0000000000e+00
5.0000000000e+00 -1.0000000000e+00 4.7862000000e-02 3.5728000000e+04 0.0000000000e+00 1.0000000000e+00 0.0000000000e+00
4.0000000000e+00 -1.0000000000e+00 4.7867000000e-02 4.2240000000e+03 0.0000000000e+00 1.0000000000e+00 0.0000000000e+00
2.0660000000e+01 1.6120000000e+01 7.9030000000e-03 1.7414000000e+04 6.2380000000e+03 2.0000000000e+00 2.0000000000e+00
2.1000000000e+01 -1.0000000000e+00 7.7440000000e-03 1.4758000000e+04 0.0000000000e+00 1.0000000000e+00 0.0000000000e+00
2.0230000000e+01 -1.0000000000e+00 1.2609000000e-02 3.9086000000e+04 0.0000000000e+00 2.0000000000e+00 0.0000000000e+00
2.1570000000e+01 -1.0000000000e+00 4.1161000000e-02 3.0993000000e+04 0.0000000000e+00 2.0000000000e+00 0.0000000000e+00
6.3300000000e+00 2.6360000000e+01 1.9355000000e-02 4.0537000000e+04 1.9320000000e+04 2.0000000000e+00 2.0000000000e+00
2.1000000000e+01 1.0620000000e+01 2.2988000000e-02 2.8933000000e+04 1.2169000000e+04 1.0000000000e+00 2.0000000000e+00
2.0000000000e+01 -1.0000000000e+00 1.3754000000e-02 2.4530000000e+03 0.0000000000e+00 1.0000000000e+00 0.0000000000e+00
2.1470000000e+01 2.3590000000e+01 1.4295000000e-02 2.9432000000e+04 1.2767000000e+04 2.0000000000e+00 2.0000000000e+00
4.0000000000e+00 5.9900000000e+00 1.5429000000e-02 1.7890000000e+04 5.5270000000e+03 1.0000000000e+00 3.0000000000e+00
2.1000000000e+01 8.2300000000e+00 2.2178000000e-02 1.3513000000e+04 4.8880000000e+03 1.0000000000e+00 2.0000000000e+00
1.9000000000e+01 -1.0000000000e+00 1.1055000000e-02 6.5410000000e+03 0.0000000000e+00 1.0000000000e+00 0.0000000000e+00
6.0000000000e+00 -1.0000000000e+00 1.5174000000e-02 1.4227000000e+04 0.0000000000e+00 1.0000000000e+00 0.0000000000e+00
1.9000000000e+01 -1.0000000000e+00 2.1302000000e-02 1.3690000000e+03 0.0000000000e+00 1.0000000000e+00 0.0000000000e+00
1.9350000000e+01 8.2700000000e+00 3.8989000000e-02 3.6351000000e+04 1.4332000000e+04 2.0000000000e+00 2.0000000000e+00
1.8860000000e+01 -1.0000000000e+00 5.1851000000e-02 4.3224000000e+04 0.0000000000e+00 2.0000000000e+00 0.0000000000e+00
1.8890000000e+01 1.3120000000e+01 6.6770000000e-03 3.5738000000e+04 1.6693000000e+04 2.0000000000e+00 3.0000000000e+00
5.3800000000e+00 -1.0000000000e+00 1.3371000000e-02 1.8549000000e+04 0.0000000000e+00 2.0000000000e+00 0.0000000000e+00
6.0000000000e+00 -1.0000000000e+00 3.7823000000e-02 1.4075000000e+04 0.0000000000e+00 1.0000000000e+00 0.0000000000e+00
2.1060000000e+01 -1.0000000000e+00 3.9044000000e-02 2.7297000000e+04 0.0000000000e+00 2.0000000000e+00 0.0000000000e+00
3.1000000000e+01 -1.0000000000e+00 4.0798000000e-02 2.0370000000e+03 0.0000000000e+00 1.0000000000e+00 0.0000000000e+00
1.5000000000e+01 -1.0000000000e+00 5.2078000000e-02 8.8000000000e+02 0.0000000000e+00 1.0000000000e+00 0.0000000000e+00
2.0000000000e+01 -1.0000000000e+00 3.8595000000e-02 2.8173000000e+04 0.0000000000e+00 1.0000000000e+00 0.0000000000e+00
2.1000000000e+01 -1.0000000000e+00 3.8599000000e-02 3.5500000000e+03 0.0000000000e+00 1.0000000000e+00 0.0000000000e+00
1.9240000000e+01 -1.0000000000e+00 1.2180000000e-02 4.3350000000e+04 0.0000000000e+00 2.0000000000e+00 0.0000000000e+00
1.8000000000e+01 -1.0000000000e+00 1.2184000000e-02 4.7810000000e+03 0.0000000000e+00 1.0000000000e+00 0.0000000000e+00
1.9000000000e+01 -1.0000000000e+00 3.6726000000e-02 1.8411000000e+04 0.0000000000e+00 1.0000000000e+00 0.0000000000e+00
2.0000000000e+01 -1.0000000000e+00 1.4093000000e-02 4.0705000000e+04 0.0000000000e+00 1.0000000000e+00 0.0000000000e+00
1.9000000000e+01 -1.0000000000e+00 1.4097000000e-02 4.4110000000e+03 0.0000000000e+00 1.0000000000e+00 0.0000000000e+00
2.1000000000e+01 -1.0000000000e+00 1.1682000000e-02 1.5346000000e+04 0.0000000000e+00 1.0000000000e+00 0.0000000000e+00
2.3000000000e+01 -1.0000000000e+00 8.1870000000e-03 9.2200000000e+03 0.0000000000e+00 1.0000000000e+00 0.0000000000e+00
2.1210000000e+01 -1.0000000000e+00 1.3744000000e-02 4.0806000000e+04 0.0000000000e+00 2.0000000000e+00 0.0000000000e+00
0.0000000000e+00 -1.0000000000e+00 2.1837000000e-02 6.2000000000e+02 0.0000000000e+00 1.0000000000e+00 0.0000000000e+00
2.0270000000e+01 7.0000000000e+00 1.0626000000e-02 3.8779000000e+04 6.5310000000e+03 2.0000000000e+00 1.0000000000e+00
1.9620000000e+01 -1.0000000000e+00 6.9010000000e-03 4.0391000000e+04 0.0000000000e+00 2.0000000000e+00 0.0000000000e+00
5.0000000000e+00 -1.0000000000e+00 7.4560000000e-03 2.0316000000e+04 0.0000000000e+00 1.0000000000e+00 0.0000000000e+00
2.3100000000e+01 2.6830000000e+01 7.7580000000e-03 3.5377000000e+04 1.8827000000e+04 2.0000000000e+00 3.0000000000e+00
1.9000000000e+01 -1.0000000000e+00 1.1807000000e-02 1.7847000000e+04 0.0000000000e+00 1.0000000000e+00 0.0000000000e+00
2.0580000000e+01 -1.0000000000e+00 1.3650000000e-02 3.7475000000e+04 0.0000000000e+00 2.0000000000e+00 0.0000000000e+00
2.2000000000e+01 -1.0000000000e+00 3.6523000000e-02 5.3630000000e+03 0.0000000000e+00 1.0000000000e+00 0.0000000000e+00
6.0000000000e+00 2.4000000000e+01 3.8491000000e-02 9.4480000000e+03 1.7540000000e+03 1.0000000000e+00 1.0000000000e+00
1.9910000000e+01 -1.0000000000e+00 4.5923000000e-02 3.9577000000e+04 0.0000000000e+00 2.0000000000e+00 0.0000000000e+00
5.2400000000e+00 1.6000000000e+01 4.8811000000e-02 1.1703000000e+04 3.4270000000e+03 2.0000000000e+00 1.0000000000e+00
2.1000000000e+01 -1.0000000000e+00 1.2442000000e-02 1.0804000000e+04 0.0000000000e+00 1.0000000000e+00 0.0000000000e+00
2.2000000000e+01 2.4000000000e+01 3.7227000000e-02 1.2295000000e+04 2.5870000000e+03 1.0000000000e+00 1.0000000000e+00
2.0000000000e+01 -1.0000000000e+00 9.6900000000e-03 4.0243000000e+04 0.0000000000e+00 1.0000000000e+00 0.0000000000e+00
1.9000000000e+01 -1.0000000000e+00 9.6940000000e-03 3.4760000000e+03 0.0000000000e+00 1.0000000000e+00 0.0000000000e+00
3.1000000000e+01 -1.0000000000e+00 3.1522000000e-02 1.8690000000e+03 0.0000000000e+00 1.0000000000e+00 0.0000000000e+00
2.1000000000e+01 -1.0000000000e+00 3.7445000000e-02 1.8387000000e+04 0.0000000000e+00 1.0000000000e+00 0.0000000000e+00
2.0000000000e+01 7.7500000000e+00 5.4298000000e-02 4.1708000000e+04 2.2326000000e+04 1.0000000000e+00 3.0000000000e+00
1.9000000000e+01 -1.0000000000e+00 5.4302000000e-02 4.2290000000e+03 0.0000000000e+00 1.0000000000e+00 0.0000000000e+00
2.1280000000e+01 1.0620000000e+01 1.9235000000e-02 1.5889000000e+04 7.4150000000e+03 2.0000000000e+00 2.0000000000e+00
2.0000000000e+01 -1.0000000000e+00 3.9598000000e-02 3.2358000000e+04 0.0000000000e+00 1.0000000000e+00 0.0000000000e+00
2.3000000000e+01 -1.0000000000e+00 3.9760000000e-02 8.5960000000e+03 0.0000000000e+00 1.0000000000e+00 0.0000000000e+00
1.9120000000e+01 -1.0000000000e+00 3.6883000000e-02 3.4759000000e+04 0.0000000000e+00 2.0000000000e+00 0.0000000000e+00
2.4000000000e+01 2.6530000000e+01 3.9759000000e-02 1.2079000000e+04 9.2380000000e+03 1.0000000000e+00 2.0000000000e+00
2.1000000000e+01 -1.0000000000e+00 7.9050000000e-03 3.5846000000e+04 0.0000000000e+00 1.0000000000e+00 0.0000000000e+00
2.2000000000e+01 -1.0000000000e+00 8.0100000000e-03 3.1291000000e+04 0.0000000000e+00 1.0000000000e+00 0.0000000000e+00
2.2000000000e+01 -1.0000000000e+00 1.0649000000e-02 3.3803000000e+04 0.0000000000e+00 1.0000000000e+00 0.0000000000e+00
2.0000000000e+01 -1.0000000000e+00 1.3116000000e-02 3.7327000000e+04 0.0000000000e+00 1.0000000000e+00 0.0000000000e+00
