6.6599840000e-03 2.0000000000e+01 8.4920000000e+03
6.6600640000e-03 2.1000000000e+01 3.9430000000e+03
7.1845280000e-03 8.0000000000e+00 1.5642000000e+04
7.1848960000e-03 5.0000000000e+01 4.4400000000e+03
7.1851680000e-03 4.9000000000e+01 2.5100000000e+03
8.5731680000e-03 5.0000000000e+00 3.8305000000e+04
8.5733280000e-03 4.3000000000e+01 1.5176000000e+04
8.5734720000e-03 4.0000000000e+00 4.2080000000e+03
8.5735360000e-03 4.4000000000e+01 6.6620000000e+03
8.5736960000e-03 4.2000000000e+01 3.1690000000e+03
1.5578528000e-02 9.0000000000e+00 1.1609000000e+04
1.5578560000e-02 8.0000000000e+00 1.9011000000e+04
1.5578928000e-02 4.8000000000e+01 4.8820000000e+03
1.8268624000e-02 2.0000000000e+01 2.3148000000e+04
1.8268640000e-02 2.1000000000e+01 1.8345000000e+04
1.8268800000e-02 5.1000000000e+01 1.0935000000e+04
1.8268880000e-02 5.0000000000e+01 7.9300000000e+03
1.8269328000e-02 5.2000000000e+01 2.2550000000e+03
1.8269824000e-02 4.9000000000e+01 7.0000000000e+02
4.1334256000e-02 9.0000000000e+00 3.8679000000e+04
4.1337696000e-02 1.0000000000e+01 3.9260000000e+03
6.6604480000e-03 4.3000000000e+01 3.3310000000e+03
6.6609760000e-03 4.4000000000e+01 1.1000000000e+03
7.7639840000e-03 9.0000000000e+00 6.9070000000e+03
7.7640000000e-03 8.0000000000e+00 5.2920000000e+03
1.5578736000e-02 4.7000000000e+01 8.9100000000e+03
4.1334464000e-02 4.5000000000e+01 1.2745000000e+04
4.1334656000e-02 4.6000000000e+01 6.1280000000e+03
4.1335008000e-02 4.4000000000e+01 3.2290000000e+03
4.6133168000e-02 1.5000000000e+01 3.9904000000e+04
4.6133344000e-02 1.4000000000e+01 5.9000000000e+03
7.7643200000e-03 4.2000000000e+01 3.3220000000e+03
7.7649120000e-03 4.3000000000e+01 9.5500000000e+02
4.1035456000e-02 2.0000000000e+00 4.0603000000e+04
4.1035744000e-02 5.7000000000e+01 7.8820000000e+03
4.1035904000e-02 5.6000000000e+01 5.6390000000e+03
4.1036496000e-02 5.8000000000e+01 1.6800000000e+03
4.1039616000e-02 1.0000000000e+00 3.7000000000e+03
4.1040016000e-02 3.0000000000e+00 6.1540000000e+03
4.6133376000e-02 3.9000000000e+01 1.4493000000e+04
4.6133552000e-02 4.0000000000e+01 6.0100000000e+03
4.6133584000e-02 3.8000000000e+01 7.3240000000e+03
5.3156576000e-02 2.1000000000e+01 1.8802000000e+04
5.3156864000e-02 5.1000000000e+01 4.9770000000e+03
5.3157536000e-02 5.2000000000e+01 1.1680000000e+03
5.9308400000e-02 7.0000000000e+00 1.2540000000e+03
1.0862560000e-02 1.5000000000e+01 4.6080000000e+03
1.3203488000e-02 2.4000000000e+01 1.3200000000e+02
3.9982656000e-02 3.0000000000e+00 2.8647000000e+04
3.9982896000e-02 5.0000000000e+01 7.1050000000e+03
3.9983184000e-02 4.9000000000e+01 3.0390000000e+03
3.9983376000e-02 5.1000000000e+01 1.8270000000e+03
4.2624544000e-02 1.4000000000e+01 2.7112000000e+04
4.2624544000e-02 1.3000000000e+01 1.6656000000e+04
4.2624688000e-02 4.3000000000e+01 1.3539000000e+04
4.2624976000e-02 4.2000000000e+01 4.1250000000e+03
4.2624976000e-02 4.4000000000e+01 4.7030000000e+03
4.2629008000e-02 1.5000000000e+01 4.1940000000e+03
4.5371856000e-02 3.1000000000e+01 1.5760000000e+03
4.9507792000e-02 1.7000000000e+01 1.2100000000e+02
5.5608512000e-02 2.0000000000e+01 1.7830000000e+03
1.2108704000e-02 7.0000000000e+00 1.3340000000e+03
3.9613600000e-02 2.8000000000e+01 1.5271000000e+04
3.9613600000e-02 2.7000000000e+01 1.8593000000e+04
3.9613840000e-02 4.4000000000e+01 8.5110000000e+03
3.9613952000e-02 4.3000000000e+01 5.8770000000e+03
3.9614320000e-02 4.5000000000e+01 2.1870000000e+03
4.0251040000e-03 3.1000000000e+01 5.2600000000e+02
5.8704480000e-03 1.5000000000e+01 9.6800000000e+02
5.8706080000e-03 1.4000000000e+01 3.8100000000e+02
3.1326080000e-02 9.0000000000e+00 7.9100000000e+02
4.3596192000e-02 1.4000000000e+01 3.7566000000e+04
4.3596416000e-02 5.6000000000e+01 1.4538000000e+04
4.3596432000e-02 1.5000000000e+01 4.0560000000e+03
4.3596688000e-02 5.5000000000e+01 4.9510000000e+03
4.3596784000e-02 5.7000000000e+01 3.7760000000e+03
6.5560160000e-03 2.0000000000e+00 2.4082000000e+04
6.5560480000e-03 1.0000000000e+00 1.3856000000e+04
6.5562240000e-03 4.6000000000e+01 8.1970000000e+03
6.5565760000e-03 4.7000000000e+01 3.2560000000e+03
6.5566080000e-03 4.5000000000e+01 2.9740000000e+03
1.8689840000e-02 5.1000000000e+01 6.5190000000e+03
1.8690672000e-02 5.2000000000e+01 1.0440000000e+03
3.5154448000e-02 1.3000000000e+01 4.5000000000e+02
3.6912912000e-02 5.0000000000e+01 4.7220000000e+03
3.6913120000e-02 4.9000000000e+01 2.8840000000e+03
3.7694400000e-02 4.3000000000e+01 4.3190000000e+03
3.7694944000e-02 4.4000000000e+01 1.4540000000e+03
4.1127232000e-02 4.3000000000e+01 7.1260000000e+03
4.1127280000e-02 4.4000000000e+01 6.4040000000e+03
4.1128112000e-02 4.2000000000e+01 5.4900000000e+02
1.8689536000e-02 1.4000000000e+01 1.3435000000e+04
1.8689664000e-02 1.5000000000e+01 7.4970000000e+03
3.6912496000e-02 2.2000000000e+01 1.8710000000e+04
3.7694048000e-02 1.4000000000e+01 1.6318000000e+04
4.1126944000e-02 1.5000000000e+01 2.2904000000e+04
4.1127152000e-02 1.6000000000e+01 4.8260000000e+03
4.1547472000e-02 1.5000000000e+01 3.1031000000e+04
4.1551920000e-02 1.4000000000e+01 4.8020000000e+03
1.5534448000e-02 3.0000000000e+00 2.4127000000e+04
1.5534880000e-02 4.3000000000e+01 4.2090000000e+03
1.5534880000e-02 4.2000000000e+01 3.7670000000e+03
2.3814576000e-02 1.9000000000e+01 3.4400000000e+02
3.8235408000e-02 8.0000000000e+00 1.1220000000e+04
3.8236096000e-02 4.4000000000e+01 2.5370000000e+03
3.8236336000e-02 4.3000000000e+01 1.5850000000e+03
4.1547680000e-02 4.9000000000e+01 9.2900000000e+03
4.1547808000e-02 4.8000000000e+01 5.7660000000e+03
8.4807520000e-03 8.0000000000e+00 2.7794000000e+04
8.4808800000e-03 9.0000000000e+00 1.1862000000e+04
8.4809760000e-03 4.6000000000e+01 1.2159000000e+04
8.4811680000e-03 4.5000000000e+01 5.7530000000e+03
8.4816160000e-03 4.7000000000e+01 2.4240000000e+03
8.5683840000e-03 2.0000000000e+01 2.8740000000e+04
8.5685920000e-03 5.0000000000e+01 8.5820000000e+03
8.5687840000e-03 4.9000000000e+01 4.3720000000e+03
8.5692000000e-03 5.1000000000e+01 1.5400000000e+03
8.5726240000e-03 2.1000000000e+01 4.1310000000e+03
3.9982080000e-02 9.0000000000e+00 3.3457000000e+04
3.9986672000e-02 8.0000000000e+00 4.5710000000e+03
4.0921456000e-02 2.7000000000e+01 3.6111000000e+04
4.0921680000e-02 4.4000000000e+01 9.4920000000e+03
4.0921712000e-02 4.5000000000e+01 6.8080000000e+03
4.0922784000e-02 4.3000000000e+01 4.9300000000e+02
7.9555200000e-03 9.0000000000e+00 4.1663000000e+04
7.9588480000e-03 1.0000000000e+01 4.6250000000e+03
3.9982336000e-02 4.3000000000e+01 8.2140000000e+03
3.9982352000e-02 4.2000000000e+01 7.1180000000e+03
3.9983152000e-02 4.4000000000e+01 8.7900000000e+02
7.9557760000e-03 4.4000000000e+01 1.4019000000e+04
7.9558720000e-03 4.5000000000e+01 7.8440000000e+03
7.9560640000e-03 4.3000000000e+01 4.8450000000e+03
1.2767040000e-02 3.0000000000e+00 1.7500000000e+03
2.9439904000e-02 2.1000000000e+01 2.9640000000e+04
3.9621152000e-02 2.7000000000e+01 7.0400000000e+03
3.9621360000e-02 2.8000000000e+01 3.1960000000e+03
3.9621664000e-02 5.4000000000e+01 2.4430000000e+03
2.9440208000e-02 5.2000000000e+01 7.4680000000e+03
2.9440496000e-02 5.3000000000e+01 3.4820000000e+03
2.9440864000e-02 5.1000000000e+01 1.6840000000e+03
3.3436496000e-02 3.1000000000e+01 1.6230000000e+03
4.2351056000e-02 1.4000000000e+01 2.0211000000e+04
4.2351184000e-02 1.5000000000e+01 8.1570000000e+03
4.2351280000e-02 5.1000000000e+01 9.2340000000e+03
4.2351600000e-02 5.2000000000e+01 3.5270000000e+03
4.2352176000e-02 5.0000000000e+01 1.3580000000e+03
5.4433200000e-02 3.1000000000e+01 2.3550000000e+03
2.0519984000e-02 3.1000000000e+01 8.6200000000e+02
3.3913120000e-03 3.1000000000e+01 8.3700000000e+02
3.6808528000e-02 3.0000000000e+00 2.6030000000e+04
3.8789248000e-02 1.5000000000e+01 2.8778000000e+04
3.8789472000e-02 5.4000000000e+01 8.2530000000e+03
3.8789888000e-02 5.3000000000e+01 2.4090000000e+03
3.8789904000e-02 5.5000000000e+01 2.3270000000e+03
4.1205248000e-02 1.4000000000e+01 5.3460000000e+03
4.1946448000e-02 2.1000000000e+01 1.7458000000e+04
4.1946528000e-02 2.0000000000e+01 1.6047000000e+04
4.1946672000e-02 4.0000000000e+01 9.1370000000e+03
4.1946848000e-02 3.9000000000e+01 5.2310000000e+03
4.1947232000e-02 4.1000000000e+01 1.6420000000e+03
5.3443152000e-02 1.0000000000e+01 1.8126000000e+04
5.3443152000e-02 9.0000000000e+00 2.7129000000e+04
5.3443344000e-02 4.9000000000e+01 1.2427000000e+04
5.3443344000e-02 4.8000000000e+01 1.2195000000e+04
5.3443376000e-02 8.0000000000e+00 5.3260000000e+03
5.3444512000e-02 4.7000000000e+01 6.7900000000e+02
5.3444560000e-02 5.0000000000e+01 6.8100000000e+02
5.3447392000e-02 1.1000000000e+01 4.0020000000e+03
1.0182096000e-02 5.4000000000e+01 1.4310000000e+03
3.1830912000e-02 6.0000000000e+00 1.2850000000e+03
3.6808944000e-02 4.4000000000e+01 5.2030000000e+03
3.6808976000e-02 4.3000000000e+01 4.6230000000e+03
4.0758960000e-02 9.0000000000e+00 2.4310000000e+04
4.0759344000e-02 4.4000000000e+01 5.6840000000e+03
4.0759408000e-02 4.3000000000e+01 4.8210000000e+03
7.2465120000e-03 4.6000000000e+01 7.0780000000e+03
7.2469440000e-03 4.7000000000e+01 2.7370000000e+03
1.0181296000e-02 1.4000000000e+01 7.3220000000e+03
7.2462720000e-03 1.4000000000e+01 1.9341000000e+04
7.2464160000e-03 1.5000000000e+01 4.4610000000e+03
7.5891680000e-03 1.5000000000e+01 3.5555000000e+04
7.5894400000e-03 5.5000000000e+01 9.0450000000e+03
7.5895200000e-03 5.6000000000e+01 6.7700000000e+03
3.8763088000e-02 1.3000000000e+01 5.4100000000e+02
6.6127360000e-03 8.0000000000e+00 3.6910000000e+04
6.6129120000e-03 5.0000000000e+01 1.5673000000e+04
6.6129280000e-03 9.0000000000e+00 9.8070000000e+03
6.6130240000e-03 5.1000000000e+01 6.9320000000e+03
6.6133920000e-03 4.9000000000e+01 3.1120000000e+03
7.5416000000e-03 2.7000000000e+01 2.3430000000e+04
7.5419360000e-03 4.4000000000e+01 4.7580000000e+03
7.5420800000e-03 4.3000000000e+01 3.4620000000e+03
1.1037184000e-02 1.5000000000e+01 3.1391000000e+04
1.1037360000e-02 1.4000000000e+01 2.6500000000e+03
1.1037408000e-02 4.3000000000e+01 1.1309000000e+04
1.1037632000e-02 4.4000000000e+01 5.2490000000e+03
1.1037840000e-02 4.2000000000e+01 2.4910000000e+03
1.4171296000e-02 2.0000000000e+00 3.4793000000e+04
1.4171312000e-02 1.0000000000e+00 2.3756000000e+04
1.4171504000e-02 5.3000000000e+01 1.0532000000e+04
1.4171696000e-02 5.4000000000e+01 5.3650000000e+03
1.4171712000e-02 5.2000000000e+01 5.1420000000e+03
1.4175824000e-02 3.0000000000e+00 5.7930000000e+03
1.4176096000e-02 0.0000000000e+00 4.3660000000e+03
2.0178624000e-02 8.0000000000e+00 4.3692000000e+04
2.0178752000e-02 5.1000000000e+01 1.9247000000e+04
2.0178992000e-02 5.0000000000e+01 5.9440000000e+03
2.0179136000e-02 5.2000000000e+01 3.6910000000e+03
2.0831008000e-02 2.7000000000e+01 1.8012000000e+04
2.0831360000e-02 4.7000000000e+01 4.4670000000e+03
8.6331520000e-03 2.0000000000e+00 3.6279000000e+04
8.6335200000e-03 5.4000000000e+01 5.5680000000e+03
8.6335360000e-03 5.5000000000e+01 5.6790000000e+03
8.6343360000e-03 5.3000000000e+01 8.4700000000e+02
8.6379040000e-03 3.0000000000e+00 5.0720000000e+03
1.9244016000e-02 3.1000000000e+01 1.7440000000e+03
4.4793616000e-02 3.0000000000e+00 1.9496000000e+04
4.4793808000e-02 2.0000000000e+00 5.3340000000e+03
4.4794016000e-02 5.1000000000e+01 4.9450000000e+03
4.4794048000e-02 5.2000000000e+01 4.2540000000e+03
1.6500528000e-02 2.7000000000e+01 1.0467000000e+04
1.6501392000e-02 4.3000000000e+01 1.8260000000e+03
1.6501600000e-02 4.4000000000e+01 1.1180000000e+03
3.8223248000e-02 2.8000000000e+01 1.6751000000e+04
3.8223584000e-02 4.5000000000e+01 3.9920000000e+03
3.8224016000e-02 4.4000000000e+01 1.7710000000e+03
3.9681296000e-02 6.0000000000e+00 4.2900000000e+02
1.3075872000e-02 3.0000000000e+00 2.1481000000e+04
1.3076208000e-02 4.2000000000e+01 5.1800000000e+03
1.3076464000e-02 4.3000000000e+01 3.0850000000e+03
1.3076736000e-02 4.0000000000e+00 7.4500000000e+02
1.4867024000e-02 4.2000000000e+01 5.4020000000e+03
1.4867440000e-02 4.3000000000e+01 2.4010000000e+03
3.9044976000e-02 4.7000000000e+01 7.8390000000e+03
4.1327472000e-02 9.0000000000e+00 5.6910000000e+03
8.4301760000e-03 3.0000000000e+00 1.5636000000e+04
8.4306560000e-03 4.1000000000e+01 3.4220000000e+03
9.2204160000e-03 4.7000000000e+01 8.0290000000e+03
9.8690720000e-03 2.0000000000e+00 1.5295000000e+04
1.4866688000e-02 1.5000000000e+01 1.9058000000e+04
1.9815424000e-02 1.0000000000e+01 2.0280000000e+03
3.9044704000e-02 2.5000000000e+01 3.0065000000e+04
3.9044816000e-02 2.4000000000e+01 6.4040000000e+03
3.9044976000e-02 4.8000000000e+01 8.0620000000e+03
9.2201120000e-03 1.4000000000e+01 2.7942000000e+04
9.2202560000e-03 1.5000000000e+01 8.7610000000e+03
9.8696960000e-03 5.5000000000e+01 3.0330000000e+03
4.0745696000e-02 1.5000000000e+01 1.5800000000e+04
9.2203680000e-03 4.8000000000e+01 8.8710000000e+03
9.2211840000e-03 4.9000000000e+01 9.3200000000e+02
1.0741984000e-02 9.0000000000e+00 1.4959000000e+04
1.0742112000e-02 8.0000000000e+00 1.0049000000e+04
1.0742320000e-02 5.6000000000e+01 7.1080000000e+03
1.0742496000e-02 5.7000000000e+01 3.8550000000e+03
1.2128352000e-02 5.4000000000e+01 1.1012000000e+04
1.2128608000e-02 5.5000000000e+01 4.6400000000e+03
1.2128768000e-02 5.3000000000e+01 3.1690000000e+03
4.0746096000e-02 4.3000000000e+01 4.1910000000e+03
4.0746096000e-02 1.6000000000e+01 2.3180000000e+03
4.0746112000e-02 4.4000000000e+01 4.0960000000e+03
5.5154816000e-02 1.0000000000e+01 4.0010000000e+04
5.5158976000e-02 1.1000000000e+01 6.2500000000e+03
8.4655040000e-03 3.0000000000e+00 5.1520000000e+03
1.2128096000e-02 2.2000000000e+01 2.9800000000e+04
1.2128400000e-02 2.1000000000e+01 5.8220000000e+03
3.2384400000e-02 2.1000000000e+01 1.0190000000e+03
4.2354240000e-02 4.0000000000e+00 7.8300000000e+02
5.5155104000e-02 3.7000000000e+01 1.0605000000e+04
5.5155152000e-02 3.6000000000e+01 9.2410000000e+03
6.8665600000e-03 2.0000000000e+01 4.9700000000e+02
1.1731760000e-02 3.1000000000e+01 1.0760000000e+03
1.3084240000e-02 2.0000000000e+01 3.0543000000e+04
1.3084480000e-02 4.7000000000e+01 1.0593000000e+04
1.3084784000e-02 4.8000000000e+01 4.1530000000e+03
1.3085264000e-02 4.6000000000e+01 1.4760000000e+03
1.3088304000e-02 2.1000000000e+01 5.0980000000e+03
1.3978160000e-02 5.5000000000e+01 6.5930000000e+03
1.3978512000e-02 5.4000000000e+01 2.4740000000e+03
3.9193168000e-02 2.2000000000e+01 9.8500000000e+02
4.0524624000e-02 5.0000000000e+01 6.2480000000e+03
4.0524720000e-02 4.9000000000e+01 4.3850000000e+03
4.0525680000e-02 5.1000000000e+01 1.6500000000e+02
9.8204000000e-03 2.1000000000e+01 3.4543000000e+04
9.8252000000e-03 2.0000000000e+01 4.3190000000e+03
1.0670896000e-02 3.1000000000e+01 1.1000000000e+03
1.1540608000e-02 9.0000000000e+00 2.0137000000e+04
1.1540928000e-02 4.2000000000e+01 6.4870000000e+03
1.1540944000e-02 8.0000000000e+00 3.0100000000e+03
1.1541088000e-02 4.3000000000e+01 4.2950000000e+03
1.3977856000e-02 2.0000000000e+00 3.0080000000e+04
1.3978816000e-02 5.6000000000e+01 1.7070000000e+03
1.5503696000e-02 2.0000000000e+00 2.5930000000e+03
4.0524352000e-02 2.0000000000e+00 1.6095000000e+04
4.0524384000e-02 3.0000000000e+00 1.4864000000e+04
4.5768992000e-02 1.4000000000e+01 1.5599000000e+04
4.5769472000e-02 3.8000000000e+01 3.7010000000e+03
4.5769680000e-02 3.9000000000e+01 2.1870000000e+03
6.8632000000e-04 2.1000000000e+01 8.6700000000e+02
9.8206880000e-03 4.0000000000e+01 8.1490000000e+03
9.8208160000e-03 4.1000000000e+01 5.1800000000e+03
9.8213760000e-03 3.9000000000e+01 1.5990000000e+03
3.4053216000e-02 8.0000000000e+00 1.3420000000e+04
3.4053600000e-02 5.2000000000e+01 3.8730000000e+03
3.4054256000e-02 5.3000000000e+01 8.7000000000e+02
3.9373056000e-02 2.1000000000e+01 3.6620000000e+03
4.4472848000e-02 4.4000000000e+01 7.9300000000e+03
4.4472912000e-02 4.3000000000e+01 6.5920000000e+03
4.6123952000e-02 1.5000000000e+01 1.1910000000e+04
4.6124432000e-02 4.8000000000e+01 3.3740000000e+03
4.6124720000e-02 4.9000000000e+01 2.0310000000e+03
2.2135200000e-02 6.0000000000e+00 4.2553000000e+04
2.2135424000e-02 4.1000000000e+01 1.4416000000e+04
2.2135440000e-02 4.2000000000e+01 1.0713000000e+04
2.2135920000e-02 4.0000000000e+01 3.0050000000e+03
2.2136208000e-02 4.3000000000e+01 1.4430000000e+03
2.2139984000e-02 7.0000000000e+00 5.1770000000e+03
3.9237648000e-02 4.6000000000e+01 9.0460000000e+03
3.9237680000e-02 4.7000000000e+01 7.5100000000e+03
3.9238272000e-02 4.5000000000e+01 1.4710000000e+03
4.4472544000e-02 1.5000000000e+01 2.7647000000e+04
4.4472816000e-02 1.4000000000e+01 2.9880000000e+03
5.7144656000e-02 0.0000000000e+00 3.0331000000e+04
5.7145312000e-02 1.0000000000e+00 2.7700000000e+02
1.6391328000e-02 5.6000000000e+01 6.8310000000e+03
1.6391616000e-02 5.7000000000e+01 2.8150000000e+03
3.9237456000e-02 2.8000000000e+01 2.2414000000e+04
3.9237568000e-02 2.7000000000e+01 1.6798000000e+04
5.7145840000e-02 3.2000000000e+01 1.3470000000e+03
2.4991680000e-03 3.1000000000e+01 1.0570000000e+03
1.3018256000e-02 2.1000000000e+01 3.2214000000e+04
1.3018528000e-02 4.6000000000e+01 8.2590000000e+03
1.3018608000e-02 4.7000000000e+01 6.8950000000e+03
1.3019424000e-02 4.5000000000e+01 7.7900000000e+02
1.6391056000e-02 9.0000000000e+00 2.3402000000e+04
1.6392256000e-02 5.5000000000e+01 6.2500000000e+02
1.8644160000e-02 1.5000000000e+01 1.3040000000e+04
1.8644512000e-02 5.1000000000e+01 3.8190000000e+03
3.8575088000e-02 8.0000000000e+00 4.1074000000e+04
3.8575328000e-02 4.7000000000e+01 1.1875000000e+04
3.8575360000e-02 4.6000000000e+01 8.7400000000e+03
3.8575744000e-02 4.8000000000e+01 3.1010000000e+03
3.9819360000e-02 1.6000000000e+01 1.3740000000e+03
4.1760688000e-02 3.1000000000e+01 5.6400000000e+02
5.4975504000e-02 0.0000000000e+00 1.3210000000e+03
2.5349600000e-03 4.0000000000e+00 1.5470000000e+03
1.1485648000e-02 2.2000000000e+01 8.7190000000e+03
2.8728400000e-02 3.1000000000e+01 7.3900000000e+02
3.6766976000e-02 2.7000000000e+01 9.0230000000e+03
3.6767632000e-02 4.6000000000e+01 2.0200000000e+03
7.9841120000e-03 2.7000000000e+01 3.4497000000e+04
8.9285280000e-03 2.0000000000e+01 1.2907000000e+04
8.9285920000e-03 2.1000000000e+01 6.0980000000e+03
8.9288160000e-03 5.2000000000e+01 5.5910000000e+03
8.9290880000e-03 5.3000000000e+01 2.8350000000e+03
1.1486336000e-02 4.3000000000e+01 2.2330000000e+03
1.1486768000e-02 4.4000000000e+01 6.5900000000e+02
1.5109248000e-02 1.4000000000e+01 7.7470000000e+03
1.5110176000e-02 4.2000000000e+01 1.1770000000e+03
1.5509808000e-02 3.1000000000e+01 4.2100000000e+02
2.1352064000e-02 2.5000000000e+01 6.9200000000e+02
4.0931520000e-02 1.0000000000e+01 1.1910000000e+03
5.0119824000e-02 1.6000000000e+01 1.7310000000e+03
7.7149920000e-03 3.0000000000e+00 1.4170000000e+04
7.9843360000e-03 4.5000000000e+01 9.0110000000e+03
7.9846240000e-03 4.6000000000e+01 3.6720000000e+03
7.9848000000e-03 4.4000000000e+01 3.0580000000e+03
3.8007504000e-02 8.0000000000e+00 2.5426000000e+04
3.8007712000e-02 4.5000000000e+01 9.7180000000e+03
3.8007728000e-02 9.0000000000e+00 5.8210000000e+03
3.8008032000e-02 4.4000000000e+01 4.3600000000e+03
3.8008352000e-02 4.6000000000e+01 1.7490000000e+03
6.7719680000e-03 2.7000000000e+01 1.2368000000e+04
7.7153760000e-03 4.2000000000e+01 3.3670000000e+03
8.5467680000e-03 2.1000000000e+01 6.0450000000e+03
6.7724320000e-03 4.6000000000e+01 3.8210000000e+03
6.7732960000e-03 4.7000000000e+01 5.1400000000e+02
2.3426880000e-02 6.0000000000e+00 3.7100000000e+02
4.8127888000e-02 8.0000000000e+00 3.7559000000e+04
4.8128096000e-02 4.0000000000e+01 1.2224000000e+04
4.8128304000e-02 3.9000000000e+01 5.5420000000e+03
4.8128672000e-02 4.1000000000e+01 2.0940000000e+03
7.4216640000e-03 2.7000000000e+01 2.1098000000e+04
7.4217600000e-03 2.6000000000e+01 7.9620000000e+03
1.0671936000e-02 8.0000000000e+00 1.1663000000e+04
1.0671968000e-02 9.0000000000e+00 9.6280000000e+03
1.0672160000e-02 4.1000000000e+01 6.9220000000e+03
1.0672624000e-02 4.0000000000e+01 2.2080000000e+03
5.9077712000e-02 3.1000000000e+01 9.8000000000e+01
7.4219200000e-03 4.3000000000e+01 7.6100000000e+03
7.4221280000e-03 4.2000000000e+01 3.7750000000e+03
7.4225920000e-03 4.4000000000e+01 1.7180000000e+03
9.9065600000e-03 1.5000000000e+01 1.8560000000e+04
9.9070720000e-03 4.7000000000e+01 3.8140000000e+03
9.9071520000e-03 4.8000000000e+01 3.2060000000e+03
4.7596416000e-02 1.4000000000e+01 1.7100000000e+04
4.7596816000e-02 5.6000000000e+01 5.5140000000e+03
4.7596848000e-02 1.5000000000e+01 1.0830000000e+03
4.7597168000e-02 5.7000000000e+01 2.5540000000e+03
4.8685024000e-02 2.0000000000e+01 7.6700000000e+03
4.8685664000e-02 4.7000000000e+01 1.8570000000e+03
3.5489824000e-02 1.0000000000e+01 1.0360000000e+03
3.9811216000e-02 4.0000000000e+00 4.0229000000e+04
3.9816224000e-02 5.0000000000e+00 4.0280000000e+03
4.2431664000e-02 3.0000000000e+00 1.1543000000e+04
4.2605840000e-02 8.0000000000e+00 6.7280000000e+03
4.2606608000e-02 4.1000000000e+01 1.4430000000e+03
4.2737104000e-02 9.0000000000e+00 3.3488000000e+04
4.2737296000e-02 4.3000000000e+01 9.6460000000e+03
4.2737488000e-02 4.4000000000e+01 5.3950000000e+03
4.2737936000e-02 4.2000000000e+01 1.2840000000e+03
4.2741792000e-02 8.0000000000e+00 4.2530000000e+03
5.7054224000e-02 3.1000000000e+01 2.6000000000e+02
2.7775168000e-02 3.1000000000e+01 6.5700000000e+02
3.9811392000e-02 4.6000000000e+01 1.0543000000e+04
3.9811424000e-02 4.7000000000e+01 7.9300000000e+03
3.9812256000e-02 4.5000000000e+01 9.3300000000e+02
4.2432368000e-02 3.9000000000e+01 2.1740000000e+03
4.3324960000e-02 2.1000000000e+01 8.7170000000e+03
4.3325616000e-02 4.9000000000e+01 1.7930000000e+03
7.6351520000e-03 2.2000000000e+01 1.3310000000e+03
3.8323920000e-02 1.4000000000e+01 3.8238000000e+04
3.8324192000e-02 4.3000000000e+01 1.0124000000e+04
3.8324256000e-02 4.2000000000e+01 7.7990000000e+03
3.8325216000e-02 4.4000000000e+01 9.0500000000e+02
3.7100096000e-02 3.0000000000e+00 2.4389000000e+04
3.7419088000e-02 1.4000000000e+01 2.8817000000e+04
3.7419360000e-02 4.6000000000e+01 8.0620000000e+03
3.7419728000e-02 4.5000000000e+01 3.1450000000e+03
3.7420416000e-02 4.7000000000e+01 6.4100000000e+02
3.7423888000e-02 1.5000000000e+01 3.5620000000e+03
9.3337920000e-03 1.4000000000e+01 4.1038000000e+04
9.3376640000e-03 1.3000000000e+01 3.3830000000e+03
3.6889632000e-02 8.0000000000e+00 4.0232000000e+04
3.7100432000e-02 4.5000000000e+01 4.3110000000e+03
3.7100624000e-02 4.4000000000e+01 3.1650000000e+03
4.0136624000e-02 1.5000000000e+01 3.7521000000e+04
7.6009280000e-03 1.5000000000e+01 2.2770000000e+04
7.6009920000e-03 1.4000000000e+01 1.0717000000e+04
9.2582400000e-03 8.0000000000e+00 6.8850000000e+03
9.3340160000e-03 4.1000000000e+01 1.5849000000e+04
9.3342880000e-03 4.2000000000e+01 5.1100000000e+03
9.3344320000e-03 4.0000000000e+01 3.9210000000e+03
9.5214880000e-03 2.1000000000e+01 4.9740000000e+03
3.6889808000e-02 4.6000000000e+01 1.2493000000e+04
3.6889872000e-02 4.7000000000e+01 9.9170000000e+03
3.6890096000e-02 7.0000000000e+00 2.3360000000e+03
3.6890672000e-02 4.5000000000e+01 1.3550000000e+03
3.7402800000e-02 3.0000000000e+00 2.1643000000e+04
3.7402896000e-02 2.0000000000e+00 1.2571000000e+04
4.0136896000e-02 4.2000000000e+01 1.0623000000e+04
4.0136992000e-02 4.3000000000e+01 7.9290000000e+03
4.0137648000e-02 4.1000000000e+01 1.6470000000e+03
7.6011200000e-03 4.5000000000e+01 1.0091000000e+04
7.6013760000e-03 4.6000000000e+01 4.2770000000e+03
7.6016800000e-03 4.4000000000e+01 2.6780000000e+03
3.7403088000e-02 4.8000000000e+01 6.8860000000e+03
3.7403184000e-02 4.7000000000e+01 5.5650000000e+03
3.7403888000e-02 4.9000000000e+01 9.4500000000e+02
7.5932000000e-03 3.1000000000e+01 6.8800000000e+02
8.2944640000e-03 2.7000000000e+01 1.9627000000e+04
9.2590560000e-03 4.7000000000e+01 9.6000000000e+02
3.8534512000e-02 2.1000000000e+01 2.9080000000e+03
4.7903200000e-02 4.6000000000e+01 6.6190000000e+03
4.7903344000e-02 4.5000000000e+01 3.8020000000e+03
8.0682720000e-03 2.8000000000e+01 1.2744000000e+04
8.0684800000e-03 2.7000000000e+01 5.5560000000e+03
8.2948800000e-03 3.8000000000e+01 4.4170000000e+03
8.2951840000e-03 3.7000000000e+01 2.5470000000e+03
1.8245920000e-02 1.6000000000e+01 1.1390000000e+03
4.7902960000e-02 8.0000000000e+00 1.4757000000e+04
4.7903040000e-02 9.0000000000e+00 8.6320000000e+03
8.0392320000e-03 2.1000000000e+01 1.5006000000e+04
8.0396480000e-03 5.2000000000e+01 3.4770000000e+03
8.0399200000e-03 5.3000000000e+01 2.1210000000e+03
8.0685760000e-03 3.9000000000e+01 4.4770000000e+03
8.0687680000e-03 4.0000000000e+01 2.7960000000e+03
3.6314272000e-02 3.0000000000e+00 1.6783000000e+04
3.6314720000e-02 4.9000000000e+01 3.6800000000e+03
3.6314896000e-02 4.8000000000e+01 2.3800000000e+03
3.8013088000e-02 9.0000000000e+00 2.4118000000e+04
3.8013344000e-02 5.5000000000e+01 7.5780000000e+03
3.8013696000e-02 5.4000000000e+01 2.6020000000e+03
3.8412112000e-02 8.0000000000e+00 1.4449000000e+04
3.8412416000e-02 4.1000000000e+01 4.2540000000e+03
3.8413088000e-02 4.2000000000e+01 7.2500000000e+02
3.5894672000e-02 1.5000000000e+01 1.6141000000e+04
3.5895008000e-02 4.6000000000e+01 4.7980000000e+03
3.5895792000e-02 4.7000000000e+01 7.9500000000e+02
1.6488640000e-03 8.0000000000e+00 3.7300000000e+02
9.1065600000e-03 1.4000000000e+01 2.8656000000e+04
9.1068800000e-03 5.7000000000e+01 6.0350000000e+03
9.1069280000e-03 5.8000000000e+01 5.6840000000e+03
1.9659936000e-02 2.0000000000e+01 1.7869000000e+04
1.9660208000e-02 4.7000000000e+01 5.7960000000e+03
1.9660240000e-02 2.1000000000e+01 2.0340000000e+03
1.9660592000e-02 4.8000000000e+01 2.5420000000e+03
4.0410656000e-02 4.2000000000e+01 5.2770000000e+03
4.0411472000e-02 4.3000000000e+01 8.7300000000e+02
4.4463728000e-02 1.9000000000e+01 5.3200000000e+02
5.6273168000e-02 3.1000000000e+01 1.3910000000e+03
1.8707424000e-02 4.1000000000e+01 1.0767000000e+04
1.8707440000e-02 4.2000000000e+01 8.7610000000e+03
1.8707904000e-02 4.0000000000e+01 2.6070000000e+03
1.8708112000e-02 4.3000000000e+01 1.6490000000e+03
4.0410368000e-02 2.1000000000e+01 1.9341000000e+04
1.7158800000e-02 1.1000000000e+01 1.5590000000e+03
1.8707152000e-02 2.1000000000e+01 3.9590000000e+04
1.8708176000e-02 2.2000000000e+01 3.3700000000e+02
4.3113072000e-02 2.1000000000e+01 1.3440000000e+03
8.5461280000e-03 1.1000000000e+01 1.0530000000e+03
1.0146880000e-02 2.7000000000e+01 2.1287000000e+04
4.0273088000e-02 9.0000000000e+00 3.0576000000e+04
4.0273312000e-02 4.0000000000e+01 9.6740000000e+03
4.0273696000e-02 3.9000000000e+01 3.4670000000e+03
4.0273712000e-02 4.1000000000e+01 2.6980000000e+03
4.5592816000e-02 3.0000000000e+00 3.7140000000e+04
4.5593056000e-02 5.4000000000e+01 9.7130000000e+03
4.5593248000e-02 5.3000000000e+01 4.9060000000e+03
4.5593264000e-02 4.0000000000e+00 2.6140000000e+03
4.5593552000e-02 5.5000000000e+01 2.6140000000e+03
4.5597968000e-02 2.0000000000e+00 4.2960000000e+03
6.9108960000e-03 2.7000000000e+01 3.4605000000e+04
6.9112000000e-03 3.8000000000e+01 8.0770000000e+03
6.9112640000e-03 3.7000000000e+01 6.3190000000e+03
6.9120160000e-03 3.9000000000e+01 9.0600000000e+02
9.5545440000e-03 2.1000000000e+01 2.5645000000e+04
9.5545600000e-03 2.2000000000e+01 1.7293000000e+04
9.5547360000e-03 3.9000000000e+01 1.1210000000e+04
9.5549120000e-03 3.8000000000e+01 6.4050000000e+03
1.0147168000e-02 4.7000000000e+01 5.4580000000e+03
1.0147776000e-02 4.8000000000e+01 1.4010000000e+03
3.8789104000e-02 1.5000000000e+01 1.6910000000e+03
4.1554656000e-02 2.7000000000e+01 2.2700000000e+03
4.4948944000e-02 9.0000000000e+00 3.2164000000e+04
4.4949200000e-02 5.4000000000e+01 9.5810000000e+03
4.4949248000e-02 5.3000000000e+01 7.2210000000e+03
4.4949472000e-02 1.0000000000e+01 1.7860000000e+03
4.4950320000e-02 5.5000000000e+01 4.1000000000e+02
7.1400320000e-03 8.0000000000e+00 1.7067000000e+04
7.1406720000e-03 4.8000000000e+01 2.4130000000e+03
9.5550080000e-03 4.0000000000e+01 3.9200000000e+03
4.0771072000e-02 1.5000000000e+01 2.1300000000e+04
4.0771344000e-02 5.5000000000e+01 6.3700000000e+03
4.1539504000e-02 9.0000000000e+00 1.4125000000e+04
5.3404960000e-03 1.7000000000e+01 2.6386000000e+04
7.1404480000e-03 4.7000000000e+01 4.2290000000e+03
7.8904320000e-03 3.0000000000e+00 1.9947000000e+04
7.8907680000e-03 4.7000000000e+01 4.7500000000e+03
7.8908960000e-03 4.8000000000e+01 3.2620000000e+03
7.8913600000e-03 4.0000000000e+00 3.5700000000e+02
1.6193024000e-02 2.6000000000e+01 6.1900000000e+02
1.9332384000e-02 2.1000000000e+01 1.5673000000e+04
4.0772000000e-02 5.6000000000e+01 1.7060000000e+03
4.1539984000e-02 4.3000000000e+01 3.8230000000e+03
4.1540480000e-02 4.4000000000e+01 1.5560000000e+03
6.9492800000e-04 3.1000000000e+01 3.7780000000e+04
5.3408160000e-03 5.8000000000e+01 6.8240000000e+03
5.3411200000e-03 5.7000000000e+01 3.3030000000e+03
5.3417120000e-03 5.9000000000e+01 7.9300000000e+02
7.4179680000e-03 2.0000000000e+00 7.2100000000e+03
1.9332880000e-02 4.0000000000e+01 3.9030000000e+03
1.9333200000e-02 3.9000000000e+01 2.0860000000e+03
3.8246016000e-02 3.1000000000e+01 1.0750000000e+03
6.9513600000e-04 4.5000000000e+01 1.0539000000e+04
6.9542400000e-04 4.4000000000e+01 4.8710000000e+03
6.9564800000e-04 4.6000000000e+01 2.5520000000e+03
7.7589600000e-03 1.4000000000e+01 5.8070000000e+03
7.7595200000e-03 1.5000000000e+01 6.6500000000e+02
7.7596000000e-03 5.5000000000e+01 1.8380000000e+03
9.0404800000e-03 5.4000000000e+01 5.0840000000e+03
1.8554320000e-02 4.3000000000e+01 1.0188000000e+04
1.8554496000e-02 4.2000000000e+01 4.3280000000e+03
1.8554720000e-02 4.4000000000e+01 3.1930000000e+03
1.8554080000e-02 2.0000000000e+01 3.3698000000e+04
6.0841600000e-04 1.5000000000e+01 8.9400000000e+02
9.0401600000e-03 2.3000000000e+01 1.7769000000e+04
9.0403840000e-03 2.4000000000e+01 4.2200000000e+03
9.0406240000e-03 5.3000000000e+01 3.6070000000e+03
1.9305936000e-02 9.0000000000e+00 1.4032000000e+04
1.9306064000e-02 8.0000000000e+00 5.7410000000e+03
4.0714784000e-02 8.0000000000e+00 3.4350000000e+03
4.3671376000e-02 3.1000000000e+01 1.4310000000e+03
5.3981040000e-02 2.2000000000e+01 1.1023000000e+04
5.3981680000e-02 5.2000000000e+01 2.5580000000e+03
5.3981744000e-02 5.3000000000e+01 2.1990000000e+03
1.9306128000e-02 5.1000000000e+01 6.8010000000e+03
1.9306624000e-02 5.2000000000e+01 1.7860000000e+03
1.9306944000e-02 5.0000000000e+01 8.3900000000e+02
3.8929776000e-02 1.5000000000e+01 3.9760000000e+03
4.1698672000e-02 2.1000000000e+01 3.1346000000e+04
4.1698944000e-02 4.4000000000e+01 7.8230000000e+03
4.1699104000e-02 4.3000000000e+01 4.8560000000e+03
4.1699536000e-02 4.5000000000e+01 1.6730000000e+03
1.5509280000e-02 9.0000000000e+00 2.1049000000e+04
1.5509648000e-02 5.4000000000e+01 5.2860000000e+03
1.5509808000e-02 5.3000000000e+01 3.5890000000e+03
8.2648640000e-03 1.4000000000e+01 3.6415000000e+04
8.2650080000e-03 1.5000000000e+01 5.9220000000e+03
8.2650880000e-03 5.3000000000e+01 1.2584000000e+04
8.2653120000e-03 5.4000000000e+01 5.5100000000e+03
8.2653600000e-03 5.2000000000e+01 4.9320000000e+03
1.3644880000e-02 1.4000000000e+01 1.1085000000e+04
1.3645504000e-02 5.4000000000e+01 2.5810000000e+03
1.3645664000e-02 5.3000000000e+01 1.9280000000e+03
3.6531712000e-02 2.0000000000e+00 3.1331000000e+04
3.6531808000e-02 3.0000000000e+00 1.4101000000e+04
3.6531888000e-02 4.9000000000e+01 1.0543000000e+04
3.6532080000e-02 4.8000000000e+01 4.8920000000e+03
3.6532176000e-02 5.0000000000e+01 4.0600000000e+03
3.7286304000e-02 1.5000000000e+01 2.7170000000e+03
4.2092352000e-02 2.2000000000e+01 2.7505000000e+04
4.2092864000e-02 2.1000000000e+01 2.4090000000e+03
4.2844384000e-02 2.7000000000e+01 3.8660000000e+04
4.2844672000e-02 4.4000000000e+01 9.5930000000e+03
4.2844816000e-02 4.5000000000e+01 5.0220000000e+03
4.2844944000e-02 4.3000000000e+01 4.4890000000e+03
4.2849312000e-02 2.6000000000e+01 4.6030000000e+03
7.0547840000e-03 4.0000000000e+00 2.8696000000e+04
7.0548960000e-03 3.0000000000e+00 1.1944000000e+04
4.2092592000e-02 4.3000000000e+01 9.6590000000e+03
4.2092912000e-02 4.4000000000e+01 3.5830000000e+03
4.2092944000e-02 4.2000000000e+01 2.8730000000e+03
7.0549600000e-03 4.0000000000e+01 1.1345000000e+04
7.0552000000e-03 3.9000000000e+01 4.7290000000e+03
7.0552960000e-03 4.1000000000e+01 3.5470000000e+03
1.1628496000e-02 1.5000000000e+01 2.2919000000e+04
1.1628864000e-02 5.1000000000e+01 6.1480000000e+03
1.1628992000e-02 5.2000000000e+01 4.2820000000e+03
1.4747168000e-02 2.4000000000e+01 8.4000000000e+02
2.2660992000e-02 1.2000000000e+01 2.9300000000e+02
6.1907840000e-03 2.8000000000e+01 2.6327000000e+04
6.1909760000e-03 4.2000000000e+01 9.2120000000e+03
6.1912640000e-03 2.9000000000e+01 1.2700000000e+02
6.1912800000e-03 4.3000000000e+01 3.4670000000e+03
6.1913600000e-03 4.1000000000e+01 2.7300000000e+03
6.1913600000e-03 2.7000000000e+01 2.9850000000e+03
1.0351184000e-02 4.6000000000e+01 4.5230000000e+03
1.0351776000e-02 4.5000000000e+01 1.2650000000e+03
1.3302160000e-02 1.3000000000e+01 1.1560000000e+03
4.1993872000e-02 3.0000000000e+00 5.5670000000e+03
1.0350864000e-02 9.0000000000e+00 1.2746000000e+04
1.0351360000e-02 8.0000000000e+00 1.0080000000e+03
1.1170352000e-02 1.5000000000e+01 2.3649000000e+04
1.1170640000e-02 5.2000000000e+01 6.2850000000e+03
1.1170752000e-02 5.3000000000e+01 4.3100000000e+03
8.7040640000e-03 1.4000000000e+01 1.4861000000e+04
8.7045120000e-03 4.8000000000e+01 3.3730000000e+03
8.7045280000e-03 4.9000000000e+01 3.4160000000e+03
9.2124160000e-03 9.0000000000e+00 3.2060000000e+04
9.2127360000e-03 4.8000000000e+01 7.4490000000e+03
4.9502416000e-02 2.7000000000e+01 1.8214000000e+04
4.9502928000e-02 3.8000000000e+01 3.8820000000e+03
4.9503008000e-02 3.9000000000e+01 2.9680000000e+03
7.3327680000e-03 3.0000000000e+00 8.2420000000e+03
8.8196480000e-03 1.5000000000e+01 2.7730000000e+04
8.8241600000e-03 1.4000000000e+01 4.2550000000e+03
9.2127840000e-03 4.7000000000e+01 7.0900000000e+03
1.6455648000e-02 3.0000000000e+01 3.3855000000e+04
1.6455872000e-02 3.1000000000e+01 1.2289000000e+04
1.6455888000e-02 3.5000000000e+01 1.2352000000e+04
1.6456064000e-02 3.4000000000e+01 5.8570000000e+03
1.6456208000e-02 3.6000000000e+01 3.9520000000e+03
3.3285872000e-02 3.1000000000e+01 9.1400000000e+02
5.3221136000e-02 1.1000000000e+01 1.3630000000e+03
6.7040960000e-03 2.6000000000e+01 8.7580000000e+03
6.7041760000e-03 2.7000000000e+01 6.4600000000e+03
7.6303840000e-03 1.5000000000e+01 5.7820000000e+03
8.8199840000e-03 4.2000000000e+01 6.3550000000e+03
8.8200800000e-03 4.3000000000e+01 4.9830000000e+03
3.9794240000e-02 2.1000000000e+01 1.5290000000e+04
3.9794256000e-02 2.0000000000e+01 1.8228000000e+04
3.9794464000e-02 4.3000000000e+01 7.4710000000e+03
3.9794464000e-02 4.2000000000e+01 7.1360000000e+03
4.0405520000e-02 1.0000000000e+01 1.2640000000e+03
5.5717776000e-02 3.1000000000e+01 2.2390000000e+03
6.7045440000e-03 4.1000000000e+01 3.5660000000e+03
6.7046240000e-03 4.0000000000e+01 2.9540000000e+03
8.3795200000e-03 3.0000000000e+00 3.8491000000e+04
8.3796960000e-03 4.0000000000e+00 7.5560000000e+03
8.3797120000e-03 4.5000000000e+01 1.1666000000e+04
8.3799200000e-03 4.6000000000e+01 5.3080000000e+03
8.3801440000e-03 4.4000000000e+01 4.0090000000e+03
8.3843680000e-03 2.0000000000e+00 5.1230000000e+03
8.9444640000e-03 2.0000000000e+01 6.0060000000e+03
2.4532480000e-02 8.0000000000e+00 2.1990000000e+03
3.1308176000e-02 3.1000000000e+01 1.6590000000e+03
3.8029280000e-02 1.6000000000e+01 1.7450000000e+03
3.8803744000e-02 1.5000000000e+01 2.0009000000e+04
3.8804224000e-02 4.7000000000e+01 4.5790000000e+03
3.8804256000e-02 4.8000000000e+01 3.8840000000e+03
4.0670688000e-02 3.0000000000e+00 1.1704000000e+04
4.0860928000e-02 2.1000000000e+01 3.5583000000e+04
4.2842736000e-02 1.5000000000e+01 2.7277000000e+04
4.2843056000e-02 4.2000000000e+01 6.7070000000e+03
4.2843200000e-02 4.3000000000e+01 5.0810000000e+03
4.2847456000e-02 1.4000000000e+01 3.5460000000e+03
4.5939664000e-02 3.1000000000e+01 1.5100000000e+03
3.5780464000e-02 3.0000000000e+00 1.7422000000e+04
3.5780912000e-02 4.1000000000e+01 3.8640000000e+03
3.8028768000e-02 1.5000000000e+01 2.1129000000e+04
3.8029072000e-02 5.5000000000e+01 7.3300000000e+03
3.8029376000e-02 5.4000000000e+01 2.9470000000e+03
4.0671344000e-02 5.4000000000e+01 2.1000000000e+03
4.0861216000e-02 3.8000000000e+01 8.9360000000e+03
4.0861312000e-02 3.7000000000e+01 6.1080000000e+03
4.0861808000e-02 3.9000000000e+01 1.9330000000e+03
7.8752000000e-04 1.1000000000e+01 1.7130000000e+03
2.8646000000e-02 3.0000000000e+00 2.1296000000e+04
2.8646352000e-02 4.6000000000e+01 4.8880000000e+03
2.8646752000e-02 4.7000000000e+01 2.1680000000e+03
3.9328608000e-02 8.0000000000e+00 3.1684000000e+04
3.9328688000e-02 9.0000000000e+00 2.4561000000e+04
3.9328800000e-02 5.6000000000e+01 1.7091000000e+04
3.9328864000e-02 5.7000000000e+01 1.0778000000e+04
3.9329424000e-02 5.5000000000e+01 2.2060000000e+03
3.9332784000e-02 1.0000000000e+01 2.9710000000e+03
3.9902528000e-02 8.0000000000e+00 2.8288000000e+04
3.9902720000e-02 9.0000000000e+00 7.8770000000e+03
3.9902736000e-02 4.2000000000e+01 1.1301000000e+04
3.9903040000e-02 4.3000000000e+01 4.4060000000e+03
3.9903296000e-02 4.1000000000e+01 2.5430000000e+03
5.2685760000e-03 3.1000000000e+01 2.6600000000e+03
7.7923360000e-03 9.0000000000e+00 4.1101000000e+04
7.7925280000e-03 4.8000000000e+01 1.4628000000e+04
7.7927360000e-03 4.9000000000e+01 6.3240000000e+03
7.7927840000e-03 4.7000000000e+01 5.1290000000e+03
7.7955520000e-03 1.0000000000e+01 5.2630000000e+03
3.6402544000e-02 2.7000000000e+01 1.7449000000e+04
3.6402576000e-02 2.6000000000e+01 9.0120000000e+03
3.6402784000e-02 4.2000000000e+01 7.4190000000e+03
3.6403104000e-02 4.3000000000e+01 3.2840000000e+03
3.6403440000e-02 4.1000000000e+01 1.6620000000e+03
3.6812656000e-02 1.5000000000e+01 9.2620000000e+03
3.6813248000e-02 5.0000000000e+01 2.4640000000e+03
3.6918160000e-02 4.0000000000e+01 4.7230000000e+03
3.6918208000e-02 4.1000000000e+01 4.2500000000e+03
3.8841232000e-02 2.7000000000e+01 9.3330000000e+03
5.0217440000e-02 3.0000000000e+00 1.8778000000e+04
5.0217920000e-02 5.1000000000e+01 3.5310000000e+03
5.0218032000e-02 5.2000000000e+01 2.7240000000e+03
1.5763136000e-02 6.3000000000e+01 1.9980000000e+03
2.4750656000e-02 6.0000000000e+00 1.6140000000e+03
3.6917824000e-02 2.7000000000e+01 2.3273000000e+04
3.7253184000e-02 3.0000000000e+00 3.3216000000e+04
3.8841904000e-02 5.2000000000e+01 1.8290000000e+03
9.2244960000e-03 2.1000000000e+01 1.1149000000e+04
9.2249920000e-03 5.2000000000e+01 2.9230000000e+03
9.2252800000e-03 5.3000000000e+01 1.5210000000e+03
1.5762448000e-02 2.9000000000e+01 8.3670000000e+03
3.7253536000e-02 4.4000000000e+01 5.8450000000e+03
3.7253552000e-02 4.5000000000e+01 4.5230000000e+03
6.7956320000e-03 2.0000000000e+01 4.4530000000e+03
6.7958240000e-03 2.1000000000e+01 2.1420000000e+03
6.7966880000e-03 5.3000000000e+01 5.1700000000e+02
9.1890400000e-03 4.1000000000e+01 8.3330000000e+03
9.1892320000e-03 4.2000000000e+01 4.2990000000e+03
9.1898880000e-03 4.0000000000e+01 1.1050000000e+03
9.3670880000e-03 9.0000000000e+00 2.9561000000e+04
9.3672800000e-03 5.4000000000e+01 1.2512000000e+04
9.3673280000e-03 8.0000000000e+00 9.3630000000e+03
9.3674240000e-03 5.3000000000e+01 5.9640000000e+03
9.3678560000e-03 5.5000000000e+01 1.8280000000e+03
3.9447120000e-02 4.6000000000e+01 6.0630000000e+03
3.9447152000e-02 4.5000000000e+01 5.3920000000e+03
3.9447840000e-02 4.7000000000e+01 1.3480000000e+03
9.1888160000e-03 1.5000000000e+01 1.7638000000e+04
9.1888320000e-03 1.4000000000e+01 1.2428000000e+04
1.0328336000e-02 3.6000000000e+01 6.6410000000e+03
1.0328592000e-02 3.7000000000e+01 3.5000000000e+03
1.0328912000e-02 3.5000000000e+01 1.8200000000e+03
1.2731312000e-02 9.0000000000e+00 3.9592000000e+04
1.9591584000e-02 3.1000000000e+01 1.8080000000e+03
3.9446816000e-02 2.0000000000e+00 3.6593000000e+04
3.9451568000e-02 3.0000000000e+00 5.0310000000e+03
1.0328048000e-02 3.0000000000e+00 1.7099000000e+04
1.0328080000e-02 2.0000000000e+00 1.4847000000e+04
1.2731472000e-02 4.2000000000e+01 1.6098000000e+04
1.2731728000e-02 4.3000000000e+01 5.0700000000e+03
1.2731808000e-02 4.1000000000e+01 3.9160000000e+03
2.8453776000e-02 6.0000000000e+00 8.2900000000e+02
4.3853440000e-02 4.1000000000e+01 8.6060000000e+03
1.2734688000e-02 1.0000000000e+01 4.5870000000e+03
4.0804496000e-02 6.0000000000e+00 4.6600000000e+02
4.6672048000e-02 2.1000000000e+01 2.0884000000e+04
4.6672400000e-02 5.7000000000e+01 5.1140000000e+03
4.6672816000e-02 5.6000000000e+01 2.5480000000e+03
1.5324048000e-02 3.0000000000e+00 4.0578000000e+04
1.5324256000e-02 4.8000000000e+01 1.2103000000e+04
1.5324256000e-02 4.0000000000e+00 6.5850000000e+03
1.5324736000e-02 4.9000000000e+01 2.6660000000e+03
1.5328896000e-02 2.0000000000e+00 5.3830000000e+03
4.3853168000e-02 2.1000000000e+01 3.3359000000e+04
4.3853600000e-02 4.2000000000e+01 4.2450000000e+03
4.3853984000e-02 4.0000000000e+01 2.1590000000e+03
4.3858160000e-02 2.0000000000e+01 3.9040000000e+03
7.2051200000e-03 2.0000000000e+00 2.5510000000e+04
7.2053280000e-03 3.0000000000e+00 6.3580000000e+03
1.5324352000e-02 4.7000000000e+01 8.0440000000e+03
3.7565360000e-02 6.0000000000e+00 1.7530000000e+03
3.9188720000e-02 3.0000000000e+00 1.1326000000e+04
7.2054560000e-03 4.4000000000e+01 6.6860000000e+03
7.2056800000e-03 4.5000000000e+01 2.8840000000e+03
7.2057440000e-03 4.3000000000e+01 3.0360000000e+03
1.3011872000e-02 8.0000000000e+00 3.5789000000e+04
1.3012064000e-02 5.3000000000e+01 1.0240000000e+04
1.3012256000e-02 5.2000000000e+01 5.0710000000e+03
1.3012768000e-02 5.4000000000e+01 1.5740000000e+03
3.9270112000e-02 8.0000000000e+00 1.5805000000e+04
3.9270592000e-02 4.7000000000e+01 3.7970000000e+03
3.9270592000e-02 4.8000000000e+01 3.2040000000e+03
7.8759680000e-03 9.0000000000e+00 3.7498000000e+04
7.8761280000e-03 4.2000000000e+01 1.3930000000e+04
7.8764160000e-03 4.3000000000e+01 4.4210000000e+03
7.8764320000e-03 4.1000000000e+01 4.0090000000e+03
7.8794400000e-03 1.0000000000e+01 3.9500000000e+03
1.3833104000e-02 2.8000000000e+01 1.8414000000e+04
1.3833152000e-02 2.7000000000e+01 1.7123000000e+04
1.3833296000e-02 4.0000000000e+01 8.8400000000e+03
1.3833456000e-02 3.9000000000e+01 5.3130000000e+03
1.3833920000e-02 4.1000000000e+01 1.7770000000e+03
1.7114048000e-02 4.7000000000e+01 2.7500000000e+03
2.5596736000e-02 3.1000000000e+01 1.3690000000e+03
3.9133376000e-02 8.0000000000e+00 2.3582000000e+04
3.9133488000e-02 9.0000000000e+00 1.6344000000e+04
3.9189152000e-02 5.1000000000e+01 2.4850000000e+03
4.0824272000e-02 4.2000000000e+01 6.2330000000e+03
4.0824656000e-02 4.1000000000e+01 2.5510000000e+03
4.0825280000e-02 4.3000000000e+01 6.4500000000e+02
7.7816800000e-03 3.0000000000e+00 1.7125000000e+04
7.7817600000e-03 4.0000000000e+00 8.3290000000e+03
1.7113440000e-02 9.0000000000e+00 1.0317000000e+04
3.9133616000e-02 4.9000000000e+01 1.0589000000e+04
3.9133648000e-02 4.8000000000e+01 9.0450000000e+03
4.0823952000e-02 2.1000000000e+01 2.4229000000e+04
4.1521056000e-02 2.1000000000e+01 1.2090000000e+03
7.7820160000e-03 5.4000000000e+01 5.3930000000e+03
7.7821120000e-03 5.3000000000e+01 4.3460000000e+03
1.7401872000e-02 5.2000000000e+01 5.2920000000e+03
1.7401904000e-02 5.3000000000e+01 4.8690000000e+03
3.6426800000e-02 5.2000000000e+01 8.6260000000e+03
3.6426992000e-02 5.3000000000e+01 4.3390000000e+03
3.6427328000e-02 5.1000000000e+01 2.2050000000e+03
4.6425088000e-02 4.6000000000e+01 2.6120000000e+03
4.6657440000e-02 3.1000000000e+01 6.7200000000e+02
1.1126512000e-02 1.5000000000e+01 2.7496000000e+04
1.1126800000e-02 4.4000000000e+01 6.8470000000e+03
1.1126944000e-02 4.3000000000e+01 4.1200000000e+03
1.1131200000e-02 1.4000000000e+01 3.7980000000e+03
1.7401568000e-02 3.0000000000e+00 2.1631000000e+04
1.7401808000e-02 4.0000000000e+00 4.8850000000e+03
3.6426576000e-02 3.0000000000e+00 3.0325000000e+04
3.6426848000e-02 4.0000000000e+00 4.2990000000e+03
4.6424608000e-02 2.7000000000e+01 1.0445000000e+04
4.9848320000e-02 3.1000000000e+01 4.6520000000e+03
7.1307040000e-03 1.5000000000e+01 1.8187000000e+04
7.1309920000e-03 4.2000000000e+01 5.7470000000e+03
7.1312640000e-03 4.3000000000e+01 3.0720000000e+03
7.1312800000e-03 1.6000000000e+01 1.5260000000e+03
4.9858944000e-02 1.6000000000e+01 2.1930000000e+04
4.9858992000e-02 1.5000000000e+01 1.6037000000e+04
4.9859120000e-02 4.7000000000e+01 1.1961000000e+04
4.9859456000e-02 4.8000000000e+01 3.7700000000e+03
4.9859472000e-02 4.6000000000e+01 3.8570000000e+03
1.2643200000e-02 1.4000000000e+01 1.9333000000e+04
1.2643616000e-02 4.7000000000e+01 5.4130000000e+03
1.2643904000e-02 4.8000000000e+01 2.7540000000e+03
4.0511792000e-02 4.7000000000e+01 1.1787000000e+04
4.0511904000e-02 4.6000000000e+01 6.1480000000e+03
4.0512224000e-02 4.8000000000e+01 2.9430000000e+03
4.5738304000e-02 8.0000000000e+00 7.3700000000e+02
4.5945040000e-02 2.1000000000e+01 6.0490000000e+03
9.9030080000e-03 8.0000000000e+00 7.6860000000e+03
9.9030240000e-03 9.0000000000e+00 8.0480000000e+03
9.9033280000e-03 4.8000000000e+01 3.7530000000e+03
9.9033440000e-03 4.9000000000e+01 3.6070000000e+03
3.5825104000e-02 3.1000000000e+01 3.2470000000e+03
4.0511552000e-02 2.0000000000e+01 2.7366000000e+04
4.0511680000e-02 2.1000000000e+01 1.2582000000e+04
7.7645280000e-03 1.5000000000e+01 3.0720000000e+03
2.1484192000e-02 5.6000000000e+01 7.1690000000e+03
2.1484864000e-02 5.7000000000e+01 1.3940000000e+03
3.6722272000e-02 2.0000000000e+01 2.6920000000e+03
6.5124000000e-03 2.0000000000e+00 5.2700000000e+03
2.1483888000e-02 2.0000000000e+01 2.0148000000e+04
2.1484112000e-02 2.1000000000e+01 3.6310000000e+03
2.1484560000e-02 5.5000000000e+01 2.6270000000e+03
3.7925872000e-02 2.1000000000e+01 2.8561000000e+04
3.7925920000e-02 2.0000000000e+01 1.2934000000e+04
3.7926096000e-02 4.1000000000e+01 8.9810000000e+03
3.7926096000e-02 4.2000000000e+01 9.1810000000e+03
3.7926848000e-02 4.3000000000e+01 1.4360000000e+03
3.7926960000e-02 4.0000000000e+01 1.0880000000e+03
3.8430208000e-02 4.8000000000e+01 1.6170000000e+03
4.1700544000e-02 2.6000000000e+01 1.6140000000e+03
8.3497120000e-03 2.7000000000e+01 1.0516000000e+04
8.3503360000e-03 4.5000000000e+01 2.3070000000e+03
3.8429392000e-02 2.7000000000e+01 1.8768000000e+04
3.8429744000e-02 4.7000000000e+01 4.8110000000e+03
6.5870560000e-03 2.7000000000e+01 3.7139000000e+04
6.5873440000e-03 4.0000000000e+01 8.7980000000e+03
6.5875200000e-03 3.9000000000e+01 4.7260000000e+03
6.5876000000e-03 4.1000000000e+01 3.8300000000e+03
6.7341600000e-03 9.0000000000e+00 1.3723000000e+04
6.7343520000e-03 8.0000000000e+00 4.8310000000e+03
6.7344800000e-03 4.8000000000e+01 4.0390000000e+03
6.7344960000e-03 4.7000000000e+01 4.3850000000e+03
8.4608800000e-03 2.0000000000e+00 1.0421000000e+04
1.0012064000e-02 1.3000000000e+01 1.4050000000e+03
1.1473696000e-02 2.7000000000e+01 1.9572000000e+04
1.1473872000e-02 2.6000000000e+01 5.1400000000e+03
1.1474016000e-02 5.8000000000e+01 5.7200000000e+03
1.1474208000e-02 5.7000000000e+01 3.4370000000e+03
2.1951200000e-02 2.0000000000e+00 3.6179000000e+04
2.1951408000e-02 5.3000000000e+01 9.0890000000e+03
2.1951440000e-02 3.0000000000e+00 6.9310000000e+03
2.1951584000e-02 5.4000000000e+01 5.2530000000e+03
2.1951728000e-02 5.2000000000e+01 3.1230000000e+03
4.2270288000e-02 9.0000000000e+00 2.1259000000e+04
4.2270432000e-02 8.0000000000e+00 6.2160000000e+03
4.2270560000e-02 4.4000000000e+01 7.6690000000e+03
4.2270656000e-02 4.3000000000e+01 5.0940000000e+03
4.2271440000e-02 4.5000000000e+01 5.2500000000e+02
8.4616480000e-03 4.1000000000e+01 1.6220000000e+03
4.2206704000e-02 9.0000000000e+00 1.7487000000e+04
4.2207024000e-02 4.2000000000e+01 5.0580000000e+03
4.2207552000e-02 4.3000000000e+01 1.6300000000e+03
