2.4472000000e-04 4.6000000000e+01 4.9500000000e+02
6.0674080000e-03 3.1000000000e+01 1.7170000000e+03
6.5668480000e-03 2.5000000000e+01 1.0869000000e+04
6.5668480000e-03 2.6000000000e+01 8.4430000000e+03
6.8648960000e-03 2.0000000000e+00 9.7600000000e+02
1.5385424000e-02 3.1000000000e+01 3.8320000000e+03
3.9841776000e-02 2.0000000000e+01 3.0172000000e+04
3.9841904000e-02 1.9000000000e+01 1.8339000000e+04
3.9841968000e-02 4.7000000000e+01 1.4705000000e+04
3.9842208000e-02 4.6000000000e+01 4.7230000000e+03
3.9842272000e-02 4.8000000000e+01 4.8410000000e+03
3.9843120000e-02 4.9000000000e+01 5.1100000000e+02
3.9846240000e-02 2.1000000000e+01 4.5280000000e+03
6.5670560000e-03 4.2000000000e+01 5.4730000000e+03
6.5673600000e-03 4.3000000000e+01 2.6360000000e+03
8.6745760000e-03 2.8000000000e+01 1.3120000000e+03
1.4736576000e-02 2.0000000000e+01 3.0750000000e+03
2.9890064000e-02 3.1000000000e+01 2.3950000000e+03
5.9041408000e-02 4.6000000000e+01 4.4200000000e+02
1.1892064000e-02 2.6000000000e+01 1.4710000000e+04
1.1892256000e-02 2.5000000000e+01 6.6360000000e+03
2.9378096000e-02 4.6000000000e+01 3.0800000000e+02
4.5016480000e-02 2.6000000000e+01 1.9191000000e+04
4.8212832000e-02 7.0000000000e+00 1.9139000000e+04
4.8213072000e-02 4.7000000000e+01 4.9480000000e+03
1.1892400000e-02 4.1000000000e+01 5.2730000000e+03
1.1892496000e-02 4.0000000000e+01 4.3250000000e+03
1.3902576000e-02 2.5000000000e+01 1.0892000000e+04
4.5016784000e-02 4.6000000000e+01 4.6020000000e+03
4.5016976000e-02 4.5000000000e+01 3.0370000000e+03
1.3903040000e-02 4.2000000000e+01 2.5150000000e+03
2.8271216000e-02 4.6000000000e+01 1.0600000000e+02
7.9260640000e-03 1.9000000000e+01 5.9780000000e+03
1.2350480000e-02 2.0000000000e+01 1.0323000000e+04
1.8469152000e-02 4.6000000000e+01 6.8000000000e+02
4.9701552000e-02 1.4000000000e+01 6.2650000000e+03
4.9702320000e-02 4.7000000000e+01 1.2530000000e+03
7.9266400000e-03 4.1000000000e+01 1.3700000000e+03
1.2351088000e-02 4.9000000000e+01 1.7940000000e+03
1.2351216000e-02 4.8000000000e+01 1.8910000000e+03
3.6973376000e-02 2.5000000000e+01 2.7452000000e+04
3.6973488000e-02 2.6000000000e+01 1.4156000000e+04
3.6977952000e-02 2.4000000000e+01 4.3210000000e+03
5.7584656000e-02 4.6000000000e+01 6.5400000000e+02
3.6973552000e-02 4.6000000000e+01 9.6300000000e+03
3.6973648000e-02 4.5000000000e+01 7.3520000000e+03
3.6974128000e-02 4.7000000000e+01 2.0580000000e+03
3.6974960000e-02 4.4000000000e+01 8.9000000000e+01
3.8653104000e-02 2.0000000000e+00 1.9755000000e+04
3.8653536000e-02 4.2000000000e+01 3.0380000000e+03
3.8653920000e-02 4.3000000000e+01 1.7010000000e+03
8.6219840000e-03 3.1000000000e+01 1.6790000000e+03
1.2593616000e-02 1.3000000000e+01 1.0186000000e+04
1.2593952000e-02 4.6000000000e+01 3.3130000000e+03
1.8065696000e-02 4.2000000000e+01 4.4170000000e+03
1.8065744000e-02 4.3000000000e+01 4.2710000000e+03
2.8045744000e-02 4.0000000000e+00 2.1650000000e+03
3.1053712000e-02 3.1000000000e+01 2.9840000000e+03
3.6630272000e-02 4.7000000000e+01 6.7790000000e+03
7.2836320000e-03 8.0000000000e+00 1.0494000000e+04
7.2842080000e-03 3.9000000000e+01 2.0120000000e+03
7.2843840000e-03 3.8000000000e+01 1.5140000000e+03
1.8065280000e-02 2.0000000000e+00 3.0572000000e+04
3.6630048000e-02 8.0000000000e+00 1.9575000000e+04
3.7005072000e-02 1.0000000000e+00 3.3928000000e+04
3.7005392000e-02 5.3000000000e+01 5.4230000000e+03
3.7005424000e-02 5.4000000000e+01 5.3780000000e+03
3.7010160000e-02 0.0000000000e+00 4.4520000000e+03
1.2466288000e-02 1.2000000000e+01 5.4400000000e+02
1.7533744000e-02 4.6000000000e+01 6.4900000000e+02
3.6630176000e-02 7.0000000000e+00 1.2876000000e+04
3.6630224000e-02 4.8000000000e+01 8.0690000000e+03
3.6630752000e-02 4.9000000000e+01 9.3800000000e+02
6.3045920000e-03 4.6000000000e+01 7.7000000000e+02
4.6302784000e-02 4.6000000000e+01 6.2800000000e+02
1.5598144000e-02 1.9000000000e+01 3.7931000000e+04
2.6892672000e-02 4.6000000000e+01 5.8100000000e+02
9.6822880000e-03 1.9000000000e+01 8.3520000000e+03
1.5598384000e-02 4.1000000000e+01 9.7590000000e+03
1.5598384000e-02 4.0000000000e+01 9.4370000000e+03
3.6718288000e-02 1.5000000000e+01 1.5228000000e+04
3.6718336000e-02 1.4000000000e+01 1.8476000000e+04
3.6718464000e-02 5.1000000000e+01 1.1429000000e+04
3.6718816000e-02 5.2000000000e+01 4.0000000000e+03
3.6719040000e-02 5.0000000000e+01 2.7540000000e+03
3.9266432000e-02 2.5000000000e+01 1.9753000000e+04
3.9266624000e-02 2.4000000000e+01 2.9690000000e+03
3.9266752000e-02 5.2000000000e+01 5.7830000000e+03
3.9266864000e-02 5.3000000000e+01 4.0360000000e+03
4.1749056000e-02 2.0000000000e+01 9.3700000000e+02
9.6829600000e-03 4.7000000000e+01 1.8860000000e+03
7.5938560000e-03 4.6000000000e+01 4.9900000000e+02
1.9174720000e-02 2.5000000000e+01 3.3797000000e+04
1.9174992000e-02 4.2000000000e+01 7.2990000000e+03
1.9175040000e-02 4.3000000000e+01 6.3660000000e+03
1.9179552000e-02 2.4000000000e+01 4.2760000000e+03
4.1803904000e-02 4.7000000000e+01 9.6430000000e+03
4.1803920000e-02 4.6000000000e+01 9.3440000000e+03
4.3062016000e-02 4.6000000000e+01 1.1050000000e+03
4.3839504000e-02 2.6000000000e+01 3.5497000000e+04
4.3844016000e-02 2.7000000000e+01 4.9640000000e+03
5.8708304000e-02 1.3000000000e+01 1.4170000000e+03
2.6764928000e-02 4.6000000000e+01 6.4800000000e+02
4.1803680000e-02 1.4000000000e+01 3.2198000000e+04
4.1804032000e-02 1.3000000000e+01 5.9160000000e+03
4.3061424000e-02 2.0000000000e+00 9.4590000000e+03
4.3839712000e-02 5.7000000000e+01 9.9000000000e+03
4.3839904000e-02 5.6000000000e+01 5.6100000000e+03
4.3840464000e-02 5.8000000000e+01 1.6340000000e+03
1.3424000000e-02 1.4000000000e+01 1.8468000000e+04
1.3424272000e-02 4.2000000000e+01 7.0280000000e+03
1.3424352000e-02 1.3000000000e+01 4.1550000000e+03
1.3424544000e-02 4.3000000000e+01 3.8060000000e+03
4.0556800000e-02 1.3000000000e+01 5.2400000000e+03
4.0556928000e-02 1.4000000000e+01 3.6650000000e+03
4.9420800000e-03 4.6000000000e+01 3.8400000000e+02
3.0659008000e-02 3.1000000000e+01 3.5200000000e+03
3.5691568000e-02 4.6000000000e+01 5.6800000000e+02
4.0557216000e-02 4.1000000000e+01 2.7720000000e+03
6.8566880000e-03 2.0000000000e+00 7.4310000000e+03
2.5179552000e-02 4.6000000000e+01 9.4200000000e+02
6.5303680000e-03 2.0000000000e+01 3.1541000000e+04
6.5351520000e-03 2.1000000000e+01 3.8260000000e+03
6.8572640000e-03 4.6000000000e+01 9.2000000000e+02
6.0747520000e-03 1.3000000000e+01 4.1837000000e+04
6.5306560000e-03 4.6000000000e+01 7.1210000000e+03
6.5308320000e-03 4.7000000000e+01 4.2360000000e+03
3.5965680000e-02 7.0000000000e+00 7.5860000000e+03
3.5966224000e-02 4.6000000000e+01 1.7540000000e+03
6.0749760000e-03 4.4000000000e+01 1.3123000000e+04
6.0751040000e-03 4.5000000000e+01 6.4290000000e+03
6.0752320000e-03 4.3000000000e+01 4.5630000000e+03
1.2479792000e-02 2.0000000000e+00 3.1544000000e+04
1.2480144000e-02 4.6000000000e+01 4.5560000000e+03
1.2480240000e-02 4.7000000000e+01 4.2700000000e+03
3.8524912000e-02 2.0000000000e+01 3.0409000000e+04
3.8525136000e-02 4.2000000000e+01 8.3050000000e+03
3.8525136000e-02 2.1000000000e+01 1.9880000000e+03
3.8525232000e-02 4.3000000000e+01 6.1420000000e+03
3.8525824000e-02 4.1000000000e+01 1.0780000000e+03
5.1656048000e-02 2.6000000000e+01 9.4400000000e+02
3.6956704000e-02 2.6000000000e+01 2.1781000000e+04
3.6957056000e-02 2.7000000000e+01 1.4520000000e+03
3.6957072000e-02 4.3000000000e+01 5.8620000000e+03
3.6957312000e-02 4.4000000000e+01 3.6010000000e+03
5.1312032000e-02 3.1000000000e+01 1.2570000000e+03
5.5891200000e-03 4.6000000000e+01 6.1400000000e+02
3.7386320000e-02 2.0000000000e+00 3.1538000000e+04
3.7386416000e-02 1.0000000000e+00 1.2157000000e+04
3.7386560000e-02 3.8000000000e+01 7.8930000000e+03
3.7386768000e-02 3.7000000000e+01 4.4830000000e+03
3.7386784000e-02 3.9000000000e+01 3.5250000000e+03
4.5624064000e-02 4.6000000000e+01 7.6200000000e+02
4.5909312000e-02 4.6000000000e+01 7.8000000000e+02
5.2300720000e-02 0.0000000000e+00 1.0830000000e+03
7.8403040000e-03 2.5000000000e+01 1.8701000000e+04
7.8406240000e-03 5.4000000000e+01 5.2150000000e+03
7.8409120000e-03 5.3000000000e+01 2.8050000000e+03
1.5317248000e-02 4.6000000000e+01 6.3900000000e+02
3.8297440000e-02 1.9000000000e+01 3.6406000000e+04
3.8298176000e-02 2.0000000000e+01 2.1490000000e+03
3.8302000000e-02 1.8000000000e+01 4.9190000000e+03
4.6468352000e-02 2.5000000000e+01 2.2582000000e+04
5.5235600000e-02 4.6000000000e+01 3.0100000000e+02
3.8297680000e-02 4.2000000000e+01 1.1400000000e+04
3.8297808000e-02 4.3000000000e+01 6.9560000000e+03
3.8298304000e-02 4.1000000000e+01 1.9840000000e+03
4.1615504000e-02 1.9000000000e+01 2.2187000000e+04
4.1615760000e-02 2.0000000000e+01 4.6550000000e+03
4.5157120000e-02 4.6000000000e+01 7.4300000000e+02
4.6468592000e-02 4.6000000000e+01 5.6910000000e+03
4.6469200000e-02 4.7000000000e+01 1.7210000000e+03
4.6469424000e-02 4.5000000000e+01 1.1340000000e+03
5.8963920000e-02 1.4000000000e+01 9.0000000000e+01
9.1864800000e-03 2.0000000000e+01 2.1163000000e+04
1.4442480000e-02 4.6000000000e+01 4.6900000000e+02
3.7885024000e-02 1.3000000000e+01 6.8100000000e+03
3.7885840000e-02 4.9000000000e+01 7.5300000000e+02
4.0303488000e-02 2.5000000000e+01 2.5501000000e+04
4.0303584000e-02 2.4000000000e+01 9.2430000000e+03
4.0303696000e-02 5.2000000000e+01 9.6110000000e+03
4.0303728000e-02 5.3000000000e+01 7.9110000000e+03
4.0303872000e-02 2.6000000000e+01 3.5540000000e+03
4.0304592000e-02 5.1000000000e+01 7.2500000000e+02
4.0312368000e-02 3.0000000000e+01 1.0840000000e+03
4.1615824000e-02 4.0000000000e+01 6.2600000000e+03
4.1615936000e-02 3.9000000000e+01 4.5990000000e+03
9.1868160000e-03 4.6000000000e+01 3.8700000000e+03
9.1869120000e-03 4.5000000000e+01 3.4050000000e+03
2.5499216000e-02 4.6000000000e+01 5.3800000000e+02
5.4572544000e-02 4.6000000000e+01 6.0600000000e+02
9.9449600000e-03 8.0000000000e+00 1.3980000000e+04
2.4869776000e-02 4.6000000000e+01 6.4700000000e+02
9.9453760000e-03 4.4000000000e+01 3.5040000000e+03
9.9457760000e-03 4.3000000000e+01 1.4330000000e+03
1.2197920000e-02 3.1000000000e+01 2.6470000000e+03
2.4008176000e-02 4.6000000000e+01 4.8200000000e+02
4.3257600000e-03 4.6000000000e+01 4.7600000000e+02
1.4235856000e-02 3.8000000000e+01 5.6200000000e+03
1.4236256000e-02 3.9000000000e+01 2.2950000000e+03
4.3701248000e-02 2.0000000000e+01 1.8144000000e+04
4.3701648000e-02 4.8000000000e+01 4.2740000000e+03
4.3701712000e-02 4.9000000000e+01 3.2390000000e+03
3.9433280000e-03 4.6000000000e+01 3.4500000000e+02
1.4235536000e-02 1.9000000000e+01 2.2146000000e+04
4.4582112000e-02 4.6000000000e+01 7.3000000000e+02
1.0096784000e-02 8.0000000000e+00 3.2865000000e+04
1.0096944000e-02 4.9000000000e+01 9.5730000000e+03
1.0097264000e-02 4.8000000000e+01 3.6600000000e+03
1.0097536000e-02 5.0000000000e+01 2.1530000000e+03
2.4056272000e-02 4.6000000000e+01 2.8400000000e+02
3.8664288000e-02 2.6000000000e+01 3.3041000000e+04
3.8664544000e-02 3.8000000000e+01 8.1100000000e+03
3.8664608000e-02 3.9000000000e+01 5.7300000000e+03
8.3536160000e-03 8.0000000000e+00 8.5830000000e+03
8.3537920000e-03 7.0000000000e+00 3.9450000000e+03
8.3538240000e-03 4.6000000000e+01 4.2810000000e+03
8.3545920000e-03 4.7000000000e+01 6.7200000000e+02
2.4812768000e-02 1.1000000000e+01 2.1560000000e+03
3.7124480000e-03 4.6000000000e+01 4.5200000000e+02
1.7823920000e-02 2.5000000000e+01 4.0495000000e+04
1.7824128000e-02 5.4000000000e+01 1.1663000000e+04
1.7824304000e-02 5.5000000000e+01 5.9560000000e+03
1.7824576000e-02 5.3000000000e+01 2.9390000000e+03
2.3234336000e-02 4.6000000000e+01 8.0000000000e+02
2.8864960000e-02 3.1000000000e+01 3.3070000000e+03
3.3112896000e-02 4.6000000000e+01 6.1700000000e+02
4.7004576000e-02 1.9000000000e+01 1.6860000000e+03
7.2907680000e-03 8.0000000000e+00 1.9640000000e+03
2.2320192000e-02 4.6000000000e+01 3.6000000000e+02
2.6005568000e-02 3.1000000000e+01 3.5100000000e+03
3.5868224000e-02 1.8000000000e+01 9.1080000000e+03
3.5868224000e-02 1.9000000000e+01 1.9524000000e+04
3.5868400000e-02 4.2000000000e+01 8.0980000000e+03
3.5868656000e-02 4.3000000000e+01 4.1250000000e+03
3.5869264000e-02 4.1000000000e+01 9.1800000000e+02
5.7943360000e-03 2.0000000000e+01 1.0400000000e+03
1.2872192000e-02 2.0000000000e+00 3.4053000000e+04
1.2872448000e-02 5.2000000000e+01 6.4470000000e+03
1.2872496000e-02 5.1000000000e+01 4.8650000000e+03
1.2872608000e-02 1.0000000000e+00 3.2710000000e+03
1.2872848000e-02 5.3000000000e+01 2.0650000000e+03
1.2877392000e-02 3.0000000000e+00 3.8920000000e+03
1.4338080000e-02 4.6000000000e+01 4.9700000000e+02
4.9671472000e-02 1.0000000000e+00 2.6744000000e+04
4.9671728000e-02 2.0000000000e+00 7.5850000000e+03
4.9671744000e-02 4.6000000000e+01 6.8350000000e+03
4.9672064000e-02 4.5000000000e+01 3.1280000000e+03
4.9672112000e-02 4.7000000000e+01 2.8550000000e+03
1.2526640000e-02 4.6000000000e+01 5.7600000000e+02
3.4169440000e-03 4.6000000000e+01 4.0000000000e+02
7.0821120000e-03 2.6000000000e+01 9.3150000000e+03
7.0825600000e-03 4.7000000000e+01 3.2830000000e+03
7.0825920000e-03 2.5000000000e+01 2.2730000000e+03
1.0889648000e-02 3.1000000000e+01 1.6250000000e+03
2.1005488000e-02 2.0000000000e+00 3.9186000000e+04
2.1010608000e-02 3.0000000000e+00 4.5360000000e+03
2.1726528000e-02 4.6000000000e+01 5.3100000000e+02
6.2504480000e-03 1.9000000000e+01 1.0493000000e+04
2.1005760000e-02 4.4000000000e+01 8.8900000000e+03
2.1005904000e-02 4.5000000000e+01 4.3030000000e+03
2.1005968000e-02 4.3000000000e+01 4.2980000000e+03
2.1006560000e-02 4.6000000000e+01 4.0600000000e+02
2.1636976000e-02 4.6000000000e+01 8.2000000000e+02
3.6242496000e-02 2.0000000000e+01 4.1250000000e+03
6.2510240000e-03 4.5000000000e+01 2.5430000000e+03
6.2515040000e-03 4.4000000000e+01 1.0200000000e+03
1.2877808000e-02 1.3000000000e+01 4.7930000000e+03
3.7882976000e-02 1.3000000000e+01 1.4153000000e+04
4.2278832000e-02 4.6000000000e+01 3.2300000000e+02
3.4671456000e-02 3.1000000000e+01 6.5800000000e+02
3.7883360000e-02 4.1000000000e+01 3.4240000000e+03
3.7883760000e-02 4.0000000000e+01 1.4080000000e+03
4.0951312000e-02 2.5000000000e+01 2.0448000000e+04
4.0951408000e-02 2.6000000000e+01 1.8411000000e+04
5.2286032000e-02 4.6000000000e+01 4.8100000000e+02
1.2804992000e-02 4.6000000000e+01 5.0800000000e+02
3.5866464000e-02 7.0000000000e+00 3.4651000000e+04
3.5866608000e-02 6.0000000000e+00 5.2470000000e+03
3.5866624000e-02 4.7000000000e+01 1.3041000000e+04
3.5866864000e-02 4.6000000000e+01 3.6660000000e+03
3.5866976000e-02 4.8000000000e+01 3.7760000000e+03
3.7105184000e-02 1.3000000000e+01 4.2235000000e+04
3.7105376000e-02 3.9000000000e+01 1.3490000000e+04
3.7105600000e-02 3.8000000000e+01 6.6960000000e+03
3.7105728000e-02 4.0000000000e+01 3.8000000000e+03
3.9233280000e-02 8.0000000000e+00 3.3335000000e+04
3.9233424000e-02 7.0000000000e+00 1.3292000000e+04
3.9233472000e-02 4.4000000000e+01 1.3597000000e+04
3.9233616000e-02 4.5000000000e+01 5.7350000000e+03
3.9233728000e-02 4.3000000000e+01 5.0430000000e+03
4.0951488000e-02 5.4000000000e+01 1.2634000000e+04
4.0951744000e-02 5.3000000000e+01 4.2530000000e+03
4.0951904000e-02 5.5000000000e+01 3.2160000000e+03
4.2122832000e-02 1.2000000000e+01 5.6500000000e+02
4.4265184000e-02 2.1000000000e+01 1.3020000000e+03
5.0457888000e-02 4.8000000000e+01 1.7130000000e+03
1.9308480000e-03 3.1000000000e+01 3.4180000000e+03
1.3035200000e-02 2.0000000000e+00 2.6889000000e+04
1.3035392000e-02 4.6000000000e+01 5.0630000000e+03
1.3035408000e-02 1.0000000000e+00 6.2690000000e+03
1.3035504000e-02 4.7000000000e+01 4.6770000000e+03
5.0457072000e-02 2.6000000000e+01 1.4842000000e+04
5.0457424000e-02 4.7000000000e+01 4.2960000000e+03
5.0458064000e-02 4.6000000000e+01 2.6200000000e+02
2.2059088000e-02 4.6000000000e+01 5.9500000000e+02
1.8500320000e-03 4.6000000000e+01 6.4400000000e+02
7.4579520000e-03 4.8000000000e+01 1.5310000000e+03
2.2615424000e-02 4.6000000000e+01 2.8200000000e+02
4.1866592000e-02 1.6000000000e+01 1.3670000000e+03
6.8511520000e-03 1.3000000000e+01 7.1170000000e+03
7.4568960000e-03 1.9000000000e+01 2.8542000000e+04
7.4571520000e-03 4.7000000000e+01 7.3800000000e+03
7.4574080000e-03 4.6000000000e+01 2.5310000000e+03
4.3712768000e-02 1.8000000000e+01 7.9250000000e+03
4.3712768000e-02 1.7000000000e+01 6.8980000000e+03
4.3713056000e-02 3.2000000000e+01 4.4980000000e+03
4.3713552000e-02 3.3000000000e+01 1.5770000000e+03
1.1062080000e-03 4.6000000000e+01 4.4600000000e+02
1.0132976000e-02 2.6000000000e+01 3.7330000000e+04
1.0133216000e-02 4.8000000000e+01 1.0966000000e+04
1.0133392000e-02 4.9000000000e+01 4.8650000000e+03
1.0133664000e-02 4.7000000000e+01 2.9000000000e+03
1.0137440000e-02 2.7000000000e+01 5.6370000000e+03
3.6390064000e-02 4.8000000000e+01 2.3430000000e+03
4.0117840000e-02 4.8000000000e+01 8.9690000000e+03
4.0117968000e-02 4.9000000000e+01 4.6460000000e+03
4.3741632000e-02 3.1000000000e+01 3.6500000000e+02
1.5732960000e-03 4.6000000000e+01 9.9000000000e+01
8.4730080000e-03 4.8000000000e+01 9.9920000000e+03
8.4731360000e-03 4.9000000000e+01 5.3200000000e+03
3.6389536000e-02 1.9000000000e+01 8.9180000000e+03
3.6389984000e-02 2.0000000000e+01 1.9460000000e+03
3.6390048000e-02 4.7000000000e+01 2.1990000000e+03
3.7717008000e-02 5.3000000000e+01 7.7720000000e+03
3.7717232000e-02 5.2000000000e+01 4.4610000000e+03
3.7717408000e-02 5.4000000000e+01 2.8040000000e+03
4.0117600000e-02 8.0000000000e+00 3.0036000000e+04
4.0117904000e-02 9.0000000000e+00 1.3070000000e+03
4.0118432000e-02 4.7000000000e+01 1.8060000000e+03
4.5912000000e-02 2.0000000000e+00 2.0700000000e+03
8.4728320000e-03 1.9000000000e+01 2.4439000000e+04
8.4728640000e-03 2.0000000000e+01 1.3747000000e+04
8.4734720000e-03 4.7000000000e+01 2.4790000000e+03
9.4410720000e-03 1.9000000000e+01 1.4477000000e+04
9.5806400000e-03 1.9000000000e+01 2.2732000000e+04
9.5807840000e-03 2.0000000000e+01 9.2430000000e+03
2.1427152000e-02 4.6000000000e+01 5.2800000000e+02
3.7716720000e-02 2.0000000000e+00 3.0990000000e+04
3.7716992000e-02 1.0000000000e+00 8.1160000000e+03
4.1983920000e-02 4.6000000000e+01 1.6700000000e+02
9.4413760000e-03 5.1000000000e+01 3.8880000000e+03
9.5808480000e-03 5.0000000000e+01 8.6540000000e+03
9.5809440000e-03 5.1000000000e+01 4.7940000000e+03
9.5812160000e-03 4.9000000000e+01 1.9060000000e+03
9.6059360000e-03 2.5000000000e+01 3.6388000000e+04
9.6103520000e-03 2.4000000000e+01 5.4720000000e+03
2.1772768000e-02 4.6000000000e+01 4.8800000000e+02
3.9174720000e-02 1.3000000000e+01 3.3212000000e+04
3.9174960000e-02 4.2000000000e+01 1.1060000000e+04
3.9175328000e-02 4.3000000000e+01 3.2720000000e+03
3.9175344000e-02 4.1000000000e+01 3.1470000000e+03
4.0378720000e-02 5.3000000000e+01 1.1518000000e+04
4.0378752000e-02 5.4000000000e+01 9.6390000000e+03
4.0379440000e-02 5.2000000000e+01 1.5920000000e+03
4.0379776000e-02 5.5000000000e+01 7.1200000000e+02
5.0983488000e-02 8.0000000000e+00 2.9900000000e+02
6.5266080000e-03 5.2000000000e+01 1.2789000000e+04
6.5266240000e-03 5.1000000000e+01 1.0726000000e+04
6.5272000000e-03 5.3000000000e+01 2.0640000000e+03
6.5275680000e-03 5.0000000000e+01 9.1500000000e+02
9.6061600000e-03 4.6000000000e+01 9.2160000000e+03
9.6063520000e-03 4.5000000000e+01 4.9660000000e+03
9.6067360000e-03 4.7000000000e+01 1.7320000000e+03
4.0378544000e-02 8.0000000000e+00 3.6422000000e+04
4.0378640000e-02 9.0000000000e+00 8.6260000000e+03
4.1832304000e-02 4.6000000000e+01 5.8900000000e+02
6.5264000000e-03 1.4000000000e+01 2.6498000000e+04
6.5264960000e-03 1.3000000000e+01 2.1294000000e+04
1.2029056000e-02 3.1000000000e+01 2.2870000000e+03
2.1095456000e-02 4.6000000000e+01 6.6500000000e+02
3.6771552000e-02 8.0000000000e+00 4.7910000000e+03
1.0694048000e-02 4.6000000000e+01 4.2400000000e+02
5.9863408000e-02 4.6000000000e+01 8.0400000000e+02
5.0729680000e-02 4.6000000000e+01 4.3800000000e+02
2.0663648000e-02 4.6000000000e+01 2.3800000000e+02
8.6008000000e-04 4.6000000000e+01 6.8500000000e+02
2.1226336000e-02 4.6000000000e+01 4.8400000000e+02
4.1346560000e-02 1.3000000000e+01 3.0850000000e+04
4.1346800000e-02 5.8000000000e+01 9.5500000000e+03
4.1347168000e-02 5.7000000000e+01 3.4180000000e+03
4.1347216000e-02 5.9000000000e+01 2.9240000000e+03
4.5897312000e-02 2.6000000000e+01 1.7255000000e+04
4.5897728000e-02 5.2000000000e+01 4.0750000000e+03
4.5897808000e-02 5.3000000000e+01 3.2180000000e+03
5.0026672000e-02 4.6000000000e+01 4.3200000000e+02
1.0250960000e-02 1.4000000000e+01 1.0767000000e+04
1.0251328000e-02 4.9000000000e+01 3.2070000000e+03
1.0251824000e-02 4.8000000000e+01 1.6050000000e+03
1.1814256000e-02 5.1000000000e+01 1.0035000000e+04
1.1814288000e-02 5.0000000000e+01 1.0290000000e+04
1.1814656000e-02 4.9000000000e+01 2.2840000000e+03
1.1814832000e-02 5.2000000000e+01 1.9680000000e+03
4.1236800000e-02 1.9000000000e+01 2.6291000000e+04
4.1237040000e-02 4.1000000000e+01 6.9120000000e+03
4.1237392000e-02 4.2000000000e+01 2.7030000000e+03
4.1237632000e-02 4.0000000000e+01 1.8080000000e+03
9.6244000000e-03 1.3000000000e+01 1.0161000000e+04
9.6249760000e-03 4.1000000000e+01 2.5230000000e+03
9.6254880000e-03 4.0000000000e+01 8.0500000000e+02
1.1814064000e-02 1.4000000000e+01 3.7022000000e+04
4.1690880000e-02 2.0000000000e+01 1.4682000000e+04
4.1690976000e-02 1.9000000000e+01 1.3986000000e+04
4.1691136000e-02 5.6000000000e+01 7.8390000000e+03
4.1691216000e-02 5.7000000000e+01 4.9130000000e+03
4.3079488000e-02 3.1000000000e+01 9.5100000000e+02
4.3173792000e-02 2.0000000000e+00 3.9547000000e+04
4.3174112000e-02 4.5000000000e+01 6.9090000000e+03
4.3174272000e-02 4.6000000000e+01 4.3590000000e+03
4.3174784000e-02 4.4000000000e+01 1.9490000000e+03
4.3177360000e-02 1.0000000000e+00 5.0230000000e+03
4.3179040000e-02 3.0000000000e+00 4.2640000000e+03
9.2572320000e-03 2.6000000000e+01 1.6461000000e+04
9.2572640000e-03 2.7000000000e+01 1.0379000000e+04
9.2574560000e-03 4.1000000000e+01 5.6570000000e+03
9.2574720000e-03 4.0000000000e+01 5.6680000000e+03
1.0484528000e-02 1.8000000000e+01 7.9100000000e+02
1.0534800000e-02 1.9000000000e+01 3.3991000000e+04
1.0539232000e-02 1.8000000000e+01 5.1200000000e+03
2.0215136000e-02 1.8000000000e+01 1.5120000000e+03
3.8259536000e-02 4.6000000000e+01 6.4500000000e+02
4.3110704000e-02 3.1000000000e+01 8.5400000000e+02
4.7526368000e-02 3.1000000000e+01 3.4850000000e+03
1.0535056000e-02 4.3000000000e+01 7.6950000000e+03
1.0535056000e-02 4.4000000000e+01 7.3760000000e+03
3.7944128000e-02 4.6000000000e+01 5.5800000000e+02
4.0670464000e-02 7.0000000000e+00 4.2922000000e+04
4.0670592000e-02 5.1000000000e+01 1.3793000000e+04
4.0670624000e-02 6.0000000000e+00 3.4760000000e+03
4.0670672000e-02 5.0000000000e+01 1.0779000000e+04
4.0670992000e-02 5.2000000000e+01 3.2270000000e+03
4.0671136000e-02 4.9000000000e+01 1.3520000000e+03
4.0674256000e-02 8.0000000000e+00 4.4570000000e+03
8.9620800000e-03 4.6000000000e+01 4.6800000000e+02
2.4739760000e-02 1.6000000000e+01 2.4300000000e+03
4.0359232000e-02 2.6000000000e+01 3.5750000000e+03
4.0359488000e-02 2.5000000000e+01 1.8760000000e+03
4.4874688000e-02 3.1000000000e+01 2.3630000000e+03
7.5863360000e-03 2.0000000000e+01 3.6265000000e+04
7.5865600000e-03 4.2000000000e+01 8.9770000000e+03
7.5866080000e-03 4.1000000000e+01 7.2660000000e+03
7.5869600000e-03 1.9000000000e+01 1.3770000000e+03
7.5872960000e-03 4.3000000000e+01 1.0910000000e+03
9.4053440000e-03 5.0000000000e+01 4.4990000000e+03
9.4058880000e-03 4.9000000000e+01 1.1660000000e+03
1.0741824000e-02 8.0000000000e+00 5.2310000000e+03
1.0742480000e-02 4.1000000000e+01 1.6240000000e+03
1.3318144000e-02 2.1000000000e+01 2.9979000000e+04
1.3318400000e-02 5.5000000000e+01 8.0870000000e+03
1.3318672000e-02 5.4000000000e+01 3.1720000000e+03
2.0345216000e-02 4.6000000000e+01 7.3000000000e+02
2.8120368000e-02 1.2000000000e+01 4.2900000000e+02
3.6748608000e-02 1.4000000000e+01 2.0963000000e+04
3.7739184000e-02 2.5000000000e+01 1.7547000000e+04
3.7739472000e-02 4.6000000000e+01 3.6170000000e+03
3.7739936000e-02 4.5000000000e+01 2.0470000000e+03
8.3881120000e-03 1.4000000000e+01 1.5438000000e+04
8.3882240000e-03 1.3000000000e+01 1.0981000000e+04
8.3883040000e-03 5.0000000000e+01 9.0380000000e+03
8.3886720000e-03 5.1000000000e+01 2.8490000000e+03
8.3887360000e-03 4.9000000000e+01 2.5590000000e+03
9.4050400000e-03 2.5000000000e+01 1.6221000000e+04
1.0496944000e-02 1.9000000000e+01 1.1691000000e+04
1.0497056000e-02 2.0000000000e+01 5.6880000000e+03
1.0497328000e-02 4.4000000000e+01 4.1120000000e+03
1.0497408000e-02 4.5000000000e+01 3.0530000000e+03
1.3318832000e-02 5.6000000000e+01 2.7490000000e+03
1.3914384000e-02 3.1000000000e+01 2.2760000000e+03
1.8830672000e-02 2.0000000000e+01 2.3594000000e+04
1.8830832000e-02 2.1000000000e+01 4.2750000000e+03
1.8830928000e-02 4.5000000000e+01 6.3220000000e+03
1.8831024000e-02 4.4000000000e+01 5.3140000000e+03
2.9428224000e-02 4.6000000000e+01 7.1000000000e+02
3.6749008000e-02 4.5000000000e+01 5.0860000000e+03
3.6749104000e-02 4.4000000000e+01 4.4580000000e+03
3.7982576000e-02 7.0000000000e+00 7.0500000000e+02
3.9048976000e-02 6.0000000000e+00 1.3680000000e+03
3.9483136000e-02 4.8000000000e+01 1.7420000000e+03
5.6007520000e-02 2.5000000000e+01 3.4747000000e+04
5.6007760000e-02 3.8000000000e+01 9.6440000000e+03
5.6007968000e-02 3.7000000000e+01 4.5030000000e+03
5.6008208000e-02 3.9000000000e+01 2.3640000000e+03
5.6008304000e-02 2.6000000000e+01 1.6100000000e+03
5.6012032000e-02 2.4000000000e+01 5.1700000000e+03
5.8748512000e-02 4.6000000000e+01 3.7000000000e+02
2.6740848000e-02 3.1000000000e+01 1.6530000000e+03
3.9482368000e-02 2.0000000000e+01 1.2280000000e+04
3.9482608000e-02 1.9000000000e+01 3.6790000000e+03
3.9482624000e-02 4.7000000000e+01 4.7720000000e+03
3.9483440000e-02 4.6000000000e+01 1.1500000000e+02
6.0095680000e-03 2.0000000000e+01 2.8965000000e+04
2.8952720000e-02 4.6000000000e+01 4.1900000000e+02
5.9290464000e-02 4.6000000000e+01 1.0290000000e+03
6.0098080000e-03 4.3000000000e+01 8.1730000000e+03
6.0100320000e-03 4.2000000000e+01 2.9550000000e+03
6.0101920000e-03 4.4000000000e+01 2.6180000000e+03
6.2784160000e-03 1.3000000000e+01 1.8959000000e+04
6.2788960000e-03 4.9000000000e+01 4.1950000000e+03
6.2789280000e-03 4.8000000000e+01 4.4880000000e+03
3.6297424000e-02 2.0000000000e+00 4.6790000000e+03
3.7015760000e-02 2.5000000000e+01 3.9763000000e+04
3.7015936000e-02 4.6000000000e+01 1.2255000000e+04
3.7016096000e-02 4.7000000000e+01 6.7040000000e+03
3.7016416000e-02 4.5000000000e+01 2.5720000000e+03
3.7734544000e-02 5.2000000000e+01 6.3470000000e+03
3.7734608000e-02 5.1000000000e+01 4.6870000000e+03
3.7735024000e-02 5.3000000000e+01 2.0930000000e+03
4.3491968000e-02 1.3000000000e+01 3.0704000000e+04
9.4495680000e-03 2.6000000000e+01 3.3840000000e+04
9.4497920000e-03 4.4000000000e+01 8.5170000000e+03
9.4498880000e-03 4.3000000000e+01 6.0780000000e+03
9.4502560000e-03 4.5000000000e+01 1.7840000000e+03
9.4506080000e-03 4.2000000000e+01 5.2000000000e+02
9.4540640000e-03 2.7000000000e+01 5.0480000000e+03
1.4567248000e-02 2.0000000000e+00 7.3200000000e+02
1.9082960000e-02 2.5000000000e+01 3.0354000000e+04
1.9083216000e-02 5.6000000000e+01 9.6650000000e+03
1.9083296000e-02 2.6000000000e+01 4.4640000000e+03
1.9083504000e-02 5.5000000000e+01 4.6530000000e+03
1.9083616000e-02 5.7000000000e+01 2.7870000000e+03
3.7209856000e-02 1.4000000000e+01 1.1608000000e+04
3.7210240000e-02 4.9000000000e+01 1.9630000000e+03
3.7210352000e-02 4.8000000000e+01 2.2630000000e+03
3.7734256000e-02 1.0000000000e+00 2.7692000000e+04
3.7734400000e-02 2.0000000000e+00 8.7300000000e+03
3.9585776000e-02 7.0000000000e+00 2.9397000000e+04
3.9585936000e-02 4.7000000000e+01 8.4750000000e+03
3.9586192000e-02 4.8000000000e+01 3.6340000000e+03
3.9586256000e-02 4.6000000000e+01 1.2170000000e+03
4.3492240000e-02 3.8000000000e+01 8.4060000000e+03
4.3492560000e-02 3.9000000000e+01 2.7550000000e+03
4.3492656000e-02 3.7000000000e+01 2.7260000000e+03
4.3568816000e-02 2.6000000000e+01 2.6500000000e+04
4.3569072000e-02 4.1000000000e+01 7.3270000000e+03
4.3569344000e-02 4.0000000000e+01 3.3500000000e+03
4.3569776000e-02 4.2000000000e+01 1.2290000000e+03
5.9660640000e-03 1.9000000000e+01 2.7059000000e+04
5.9663680000e-03 4.9000000000e+01 7.0260000000e+03
5.9667520000e-03 4.8000000000e+01 3.1720000000e+03
8.3358720000e-03 4.6000000000e+01 6.5500000000e+02
1.8762784000e-02 2.9000000000e+01 3.5000000000e+01
3.6780432000e-02 4.6000000000e+01 5.9300000000e+02
1.8202112000e-02 4.6000000000e+01 5.1000000000e+02
4.7336224000e-02 4.6000000000e+01 6.3900000000e+02
1.6458336000e-02 6.0000000000e+00 7.6600000000e+02
1.8550320000e-02 3.1000000000e+01 3.6100000000e+03
3.7547776000e-02 4.6000000000e+01 2.7100000000e+02
3.9690192000e-02 7.0000000000e+00 2.4067000000e+04
3.9690240000e-02 8.0000000000e+00 1.1192000000e+04
5.6830144000e-02 4.6000000000e+01 9.1200000000e+02
5.7715360000e-02 4.6000000000e+01 3.8200000000e+02
6.0533440000e-03 2.0000000000e+01 4.0040000000e+03
3.9690352000e-02 4.7000000000e+01 9.8010000000e+03
3.9690448000e-02 4.8000000000e+01 6.7970000000e+03
3.9690960000e-02 4.6000000000e+01 1.0000000000e+03
4.6875392000e-02 4.6000000000e+01 4.2600000000e+02
5.6411728000e-02 4.6000000000e+01 6.1300000000e+02
1.5001488000e-02 4.6000000000e+01 3.1800000000e+02
1.6363216000e-02 4.2000000000e+01 1.1013000000e+04
1.6363232000e-02 4.1000000000e+01 1.0338000000e+04
1.6363840000e-02 4.3000000000e+01 1.9370000000e+03
1.6364080000e-02 4.0000000000e+01 1.2870000000e+03
1.7058480000e-02 4.0000000000e+00 1.8240000000e+03
5.5473504000e-02 4.6000000000e+01 6.4200000000e+02
1.6362992000e-02 7.0000000000e+00 4.0251000000e+04
1.6363584000e-02 8.0000000000e+00 1.6690000000e+03
1.9943344000e-02 1.2000000000e+01 2.1961000000e+04
1.9943360000e-02 1.3000000000e+01 2.1956000000e+04
1.9943520000e-02 5.2000000000e+01 1.1385000000e+04
1.9943536000e-02 5.1000000000e+01 8.4660000000e+03
1.9943888000e-02 5.3000000000e+01 2.3970000000e+03
1.9944448000e-02 5.0000000000e+01 5.1300000000e+02
3.7267568000e-02 2.0000000000e+00 5.7990000000e+03
4.6778000000e-02 4.6000000000e+01 5.3500000000e+02
6.8627040000e-03 2.0000000000e+00 4.5650000000e+03
6.9210240000e-03 1.4000000000e+01 8.7390000000e+03
6.9215840000e-03 4.9000000000e+01 2.0130000000e+03
8.6517760000e-03 2.0000000000e+01 3.6911000000e+04
8.6518880000e-03 2.1000000000e+01 6.4680000000e+03
8.6520160000e-03 5.5000000000e+01 1.0931000000e+04
8.6520480000e-03 5.6000000000e+01 9.5760000000e+03
8.6526080000e-03 5.4000000000e+01 1.8150000000e+03
8.6530240000e-03 5.7000000000e+01 4.4600000000e+02
1.0474320000e-02 5.7000000000e+01 1.0167000000e+04
1.0474464000e-02 5.6000000000e+01 6.7060000000e+03
1.0475072000e-02 5.8000000000e+01 1.5170000000e+03
2.6782048000e-02 4.6000000000e+01 3.8600000000e+02
3.1548032000e-02 3.1000000000e+01 1.9910000000e+03
3.8455296000e-02 7.0000000000e+00 1.1217000000e+04
4.3311648000e-02 1.4000000000e+01 3.1770000000e+04
4.3311792000e-02 4.6000000000e+01 9.5750000000e+03
4.3311872000e-02 1.5000000000e+01 1.6440000000e+03
4.3311888000e-02 4.5000000000e+01 7.8570000000e+03
4.3312368000e-02 4.7000000000e+01 1.7260000000e+03
1.7378240000e-03 2.1000000000e+01 1.0680000000e+03
7.5631680000e-03 1.3000000000e+01 1.7653000000e+04
7.5635040000e-03 5.4000000000e+01 5.6400000000e+03
7.5640640000e-03 5.3000000000e+01 1.6420000000e+03
1.0474128000e-02 2.5000000000e+01 2.7370000000e+04
1.0474288000e-02 2.6000000000e+01 1.0952000000e+04
3.4551776000e-02 4.6000000000e+01 4.4000000000e+02
3.8150096000e-02 3.1000000000e+01 9.7500000000e+02
3.8455680000e-02 4.1000000000e+01 2.8910000000e+03
4.2343344000e-02 5.3000000000e+01 1.1497000000e+04
4.2343408000e-02 5.4000000000e+01 1.0406000000e+04
4.2344240000e-02 5.2000000000e+01 9.9200000000e+02
4.2344464000e-02 5.5000000000e+01 4.7300000000e+02
4.9417984000e-02 1.1000000000e+01 9.7200000000e+02
9.5671520000e-03 3.9000000000e+01 1.7420000000e+03
1.6393600000e-02 2.6000000000e+01 8.1120000000e+03
1.6394112000e-02 4.6000000000e+01 2.7580000000e+03
4.2343168000e-02 7.0000000000e+00 3.1204000000e+04
4.2343360000e-02 8.0000000000e+00 1.4576000000e+04
4.3716848000e-02 3.1000000000e+01 2.6220000000e+03
9.5664640000e-03 8.0000000000e+00 7.7260000000e+03
9.5665760000e-03 7.0000000000e+00 4.6110000000e+03
9.5668320000e-03 4.0000000000e+01 3.5530000000e+03
1.5310192000e-02 2.5000000000e+01 3.9011000000e+04
2.3665856000e-02 2.0000000000e+00 4.2879000000e+04
2.3666176000e-02 5.4000000000e+01 7.9290000000e+03
2.3666272000e-02 5.5000000000e+01 5.6210000000e+03
2.3666656000e-02 5.3000000000e+01 2.5750000000e+03
2.3670736000e-02 3.0000000000e+00 5.5950000000e+03
2.5783424000e-02 3.1000000000e+01 1.0590000000e+03
4.0071776000e-02 2.0000000000e+01 1.9122000000e+04
4.0071952000e-02 1.9000000000e+01 8.7680000000e+03
4.0072048000e-02 4.8000000000e+01 6.2080000000e+03
4.0072048000e-02 4.7000000000e+01 6.1620000000e+03
4.0072768000e-02 4.9000000000e+01 3.5700000000e+02
5.5067968000e-02 4.6000000000e+01 5.4600000000e+02
5.5614576000e-02 4.6000000000e+01 4.3700000000e+02
6.8746560000e-03 2.0000000000e+00 2.3188000000e+04
6.8751520000e-03 4.8000000000e+01 2.6490000000e+03
1.5310432000e-02 4.0000000000e+01 1.0536000000e+04
1.5310608000e-02 3.9000000000e+01 5.3670000000e+03
1.5310912000e-02 4.1000000000e+01 2.5620000000e+03
3.8010336000e-02 1.9000000000e+01 1.8747000000e+04
6.8749920000e-03 4.7000000000e+01 3.9840000000e+03
6.8755040000e-03 4.6000000000e+01 4.9000000000e+02
3.6675440000e-02 1.4000000000e+01 6.3090000000e+03
3.6675440000e-02 1.3000000000e+01 5.9950000000e+03
3.8010640000e-02 4.5000000000e+01 4.7500000000e+03
3.8010912000e-02 4.6000000000e+01 1.5520000000e+03
3.8011200000e-02 4.4000000000e+01 1.5630000000e+03
5.5243008000e-02 4.6000000000e+01 1.1200000000e+02
1.4618080000e-02 1.9000000000e+01 5.0700000000e+03
3.6675824000e-02 4.3000000000e+01 3.7540000000e+03
3.6676240000e-02 4.4000000000e+01 1.6630000000e+03
4.8394272000e-02 2.0000000000e+01 1.5378000000e+04
9.1570400000e-03 2.0000000000e+00 8.6120000000e+03
9.1578880000e-03 5.0000000000e+01 1.0420000000e+03
1.4618976000e-02 4.1000000000e+01 8.0200000000e+02
3.4493680000e-02 4.6000000000e+01 8.4400000000e+02
4.1392032000e-02 7.0000000000e+00 2.7588000000e+04
4.1392352000e-02 3.9000000000e+01 6.4260000000e+03
4.8394592000e-02 4.2000000000e+01 4.7680000000e+03
4.8395264000e-02 4.3000000000e+01 1.0930000000e+03
9.1583040000e-03 4.0000000000e+00 7.1100000000e+02
3.6334272000e-02 2.6000000000e+01 3.7402000000e+04
3.6338720000e-02 2.7000000000e+01 5.4690000000e+03
4.1392512000e-02 4.0000000000e+01 4.1710000000e+03
5.4972464000e-02 4.6000000000e+01 4.4600000000e+02
2.1718784000e-02 3.0000000000e+01 1.7050000000e+03
3.6334544000e-02 4.5000000000e+01 8.5450000000e+03
3.6334560000e-02 4.6000000000e+01 7.6260000000e+03
3.6335568000e-02 4.7000000000e+01 7.1600000000e+02
5.0715824000e-02 1.1000000000e+01 7.1600000000e+02
2.3864720000e-02 4.6000000000e+01 6.3400000000e+02
3.4676864000e-02 4.6000000000e+01 6.0100000000e+02
3.8522368000e-02 1.9000000000e+01 1.5990000000e+03
3.9419184000e-02 1.3000000000e+01 1.8353000000e+04
3.9419520000e-02 4.9000000000e+01 3.4060000000e+03
3.9419616000e-02 4.8000000000e+01 3.6110000000e+03
4.4546592000e-02 8.0000000000e+00 2.8400000000e+02
5.4795792000e-02 4.6000000000e+01 5.6600000000e+02
3.8029600000e-03 4.6000000000e+01 5.4300000000e+02
1.2875648000e-02 2.6000000000e+01 6.0940000000e+03
3.2922192000e-02 4.6000000000e+01 5.5600000000e+02
3.8269760000e-03 4.6000000000e+01 4.8500000000e+02
3.6549216000e-02 2.0000000000e+00 8.3240000000e+03
5.0927360000e-02 4.6000000000e+01 7.6100000000e+02
5.1592400000e-02 7.0000000000e+00 1.1200000000e+03
1.2894576000e-02 4.6000000000e+01 5.5700000000e+02
5.2406368000e-02 4.6000000000e+01 4.1900000000e+02
2.5457920000e-03 4.6000000000e+01 5.2300000000e+02
3.8162816000e-02 1.4000000000e+01 3.6442000000e+04
3.8163008000e-02 4.8000000000e+01 1.2314000000e+04
3.8163120000e-02 4.7000000000e+01 7.0090000000e+03
3.8163280000e-02 4.9000000000e+01 2.5850000000e+03
4.1871120000e-02 1.8000000000e+01 3.9403000000e+04
4.1871344000e-02 4.8000000000e+01 1.1099000000e+04
4.1871792000e-02 4.9000000000e+01 1.4460000000e+03
4.1875168000e-02 1.9000000000e+01 6.4180000000e+03
4.2004448000e-02 1.3000000000e+01 8.9790000000e+03
4.2004912000e-02 4.1000000000e+01 2.1760000000e+03
5.9396432000e-02 8.0000000000e+00 7.0700000000e+02
4.1871360000e-02 4.7000000000e+01 9.3790000000e+03
4.1871920000e-02 4.6000000000e+01 7.3000000000e+02
1.1411168000e-02 1.3000000000e+01 2.5911000000e+04
4.1637408000e-02 4.6000000000e+01 5.8600000000e+02
8.0215360000e-03 7.0000000000e+00 5.2270000000e+03
8.0222400000e-03 8.0000000000e+00 4.6100000000e+02
8.0222560000e-03 5.5000000000e+01 1.6530000000e+03
9.5719200000e-03 1.4000000000e+01 2.6268000000e+04
9.5721120000e-03 1.5000000000e+01 3.6120000000e+03
1.1411488000e-02 4.6000000000e+01 5.7260000000e+03
1.1411616000e-02 4.5000000000e+01 4.0380000000e+03
1.1412304000e-02 4.7000000000e+01 5.1000000000e+02
1.9984256000e-02 1.9000000000e+01 6.5930000000e+03
1.9984400000e-02 2.0000000000e+01 3.7380000000e+03
1.9984448000e-02 4.6000000000e+01 3.4880000000e+03
4.3631904000e-02 7.0000000000e+00 3.5599000000e+04
4.3632112000e-02 4.7000000000e+01 9.6750000000e+03
4.3632288000e-02 4.6000000000e+01 4.3510000000e+03
4.3632656000e-02 4.8000000000e+01 2.3890000000e+03
5.1879680000e-02 1.0000000000e+00 1.6891000000e+04
9.5721440000e-03 4.7000000000e+01 8.8730000000e+03
9.5722880000e-03 4.6000000000e+01 4.4550000000e+03
9.5727520000e-03 4.8000000000e+01 1.9190000000e+03
5.1880336000e-02 4.3000000000e+01 2.8540000000e+03
5.1880608000e-02 4.4000000000e+01 1.6170000000e+03
1.3178880000e-03 1.8000000000e+01 6.0000000000e+00
1.3206416000e-02 1.4000000000e+01 2.7257000000e+04
1.3206480000e-02 1.3000000000e+01 2.7896000000e+04
1.6935952000e-02 1.9000000000e+01 2.5574000000e+04
1.6936128000e-02 2.0000000000e+01 1.1569000000e+04
1.6940816000e-02 1.8000000000e+01 2.9770000000e+03
3.2745648000e-02 4.6000000000e+01 4.1400000000e+02
4.1953472000e-02 4.6000000000e+01 4.1500000000e+02
1.3206592000e-02 4.3000000000e+01 1.5618000000e+04
1.3206608000e-02 4.2000000000e+01 1.0422000000e+04
1.3206896000e-02 4.4000000000e+01 4.1390000000e+03
1.3207392000e-02 4.1000000000e+01 9.1700000000e+02
1.6936128000e-02 4.7000000000e+01 1.1008000000e+04
1.6936240000e-02 4.6000000000e+01 4.2700000000e+03
1.6936560000e-02 4.8000000000e+01 2.6130000000e+03
1.8344336000e-02 2.0000000000e+00 1.9670000000e+04
1.8344768000e-02 5.1000000000e+01 3.3700000000e+03
1.8345248000e-02 5.2000000000e+01 1.3810000000e+03
3.2730240000e-02 4.6000000000e+01 5.6100000000e+02
3.6141264000e-02 4.8000000000e+01 3.4120000000e+03
4.1384160000e-02 4.6000000000e+01 5.9200000000e+02
2.1480160000e-03 4.6000000000e+01 4.7300000000e+02
7.3793280000e-03 2.0000000000e+00 1.9390000000e+03
1.1783072000e-02 1.0000000000e+00 1.8451000000e+04
3.6140592000e-02 1.3000000000e+01 3.9818000000e+04
3.6140816000e-02 4.7000000000e+01 1.2376000000e+04
3.6141024000e-02 4.6000000000e+01 4.8600000000e+03
4.1153696000e-02 1.3000000000e+01 8.5290000000e+03
4.1154288000e-02 1.4000000000e+01 1.8090000000e+03
1.8960320000e-03 4.6000000000e+01 3.5200000000e+02
1.0488480000e-02 2.6000000000e+01 5.2520000000e+03
1.0489264000e-02 5.1000000000e+01 1.2280000000e+03
1.7422224000e-02 3.1000000000e+01 3.0890000000e+03
3.9174480000e-02 2.0000000000e+01 2.0473000000e+04
3.9174608000e-02 2.1000000000e+01 4.3060000000e+03
3.9174704000e-02 5.0000000000e+01 7.6010000000e+03
3.9175136000e-02 4.9000000000e+01 2.2200000000e+03
3.9175168000e-02 5.1000000000e+01 1.9390000000e+03
4.1154048000e-02 4.2000000000e+01 3.1980000000e+03
4.1154512000e-02 4.3000000000e+01 1.2380000000e+03
1.1783568000e-02 4.3000000000e+01 2.6170000000e+03
1.1783616000e-02 4.4000000000e+01 2.5390000000e+03
1.5543360000e-03 4.6000000000e+01 8.7200000000e+02
1.2349968000e-02 2.6000000000e+01 3.0788000000e+04
1.2350256000e-02 4.7000000000e+01 8.2740000000e+03
1.2350432000e-02 4.8000000000e+01 5.0860000000e+03
1.2350816000e-02 4.6000000000e+01 1.3710000000e+03
1.3278880000e-03 4.6000000000e+01 3.6700000000e+02
6.5661600000e-03 4.2000000000e+01 1.5610000000e+03
7.8989920000e-03 3.1000000000e+01 1.8630000000e+03
8.8638720000e-03 2.0000000000e+01 7.2450000000e+03
8.8648320000e-03 5.5000000000e+01 1.3210000000e+03
4.1654800000e-02 2.0000000000e+00 3.4768000000e+04
4.1655152000e-02 5.5000000000e+01 6.9000000000e+03
4.1655280000e-02 5.4000000000e+01 4.2120000000e+03
4.1655696000e-02 5.6000000000e+01 1.9540000000e+03
4.7731120000e-02 7.0000000000e+00 2.9405000000e+04
4.7731312000e-02 4.8000000000e+01 1.2191000000e+04
4.7731440000e-02 4.9000000000e+01 6.3860000000e+03
4.8765664000e-02 4.6000000000e+01 4.9400000000e+02
5.1304112000e-02 1.2000000000e+01 1.7770000000e+03
6.5654720000e-03 8.0000000000e+00 7.9300000000e+03
4.7731328000e-02 8.0000000000e+00 1.1430000000e+04
4.7731760000e-02 4.7000000000e+01 2.4680000000e+03
3.1862352000e-02 4.6000000000e+01 5.6500000000e+02
8.1872640000e-03 2.6000000000e+01 2.3809000000e+04
8.1875840000e-03 2.7000000000e+01 1.4320000000e+03
8.1879200000e-03 4.8000000000e+01 2.7690000000e+03
8.3971200000e-03 4.8000000000e+01 8.4560000000e+03
8.3972800000e-03 4.9000000000e+01 5.1820000000e+03
1.0526512000e-02 4.6000000000e+01 3.1000000000e+02
1.1126384000e-02 4.6000000000e+01 5.6900000000e+02
3.7020352000e-02 2.0000000000e+00 8.7810000000e+03
3.7021424000e-02 4.2000000000e+01 5.0700000000e+02
3.9734400000e-02 1.3000000000e+01 3.9246000000e+04
3.9734608000e-02 4.3000000000e+01 1.3873000000e+04
3.9734704000e-02 4.2000000000e+01 6.3850000000e+03
3.9734960000e-02 4.4000000000e+01 4.2850000000e+03
3.9735040000e-02 1.4000000000e+01 3.1050000000e+03
5.2463680000e-02 4.0000000000e+00 7.2600000000e+02
5.3452400000e-02 3.1000000000e+01 1.3490000000e+03
8.1875200000e-03 4.7000000000e+01 7.7580000000e+03
8.1877760000e-03 4.6000000000e+01 2.5110000000e+03
8.3968000000e-03 1.4000000000e+01 2.7987000000e+04
2.6992656000e-02 1.9000000000e+01 1.8958000000e+04
2.6992912000e-02 4.6000000000e+01 4.8360000000e+03
2.6993152000e-02 4.7000000000e+01 3.0890000000e+03
5.0212800000e-02 4.6000000000e+01 2.1900000000e+02
8.3976320000e-03 4.7000000000e+01 2.5370000000e+03
8.3981440000e-03 4.6000000000e+01 5.5700000000e+02
1.1448736000e-02 1.9000000000e+01 2.5515000000e+04
1.1449120000e-02 4.9000000000e+01 4.3950000000e+03
1.1449120000e-02 4.8000000000e+01 5.4410000000e+03
3.6683904000e-02 1.9000000000e+01 2.2684000000e+04
3.8295328000e-02 2.0000000000e+00 2.2936000000e+04
3.8295664000e-02 4.6000000000e+01 3.9460000000e+03
3.8295968000e-02 4.5000000000e+01 2.3180000000e+03
3.8296672000e-02 4.7000000000e+01 1.1900000000e+02
3.9977536000e-02 3.1000000000e+01 5.9800000000e+02
6.7526400000e-03 2.0000000000e+00 1.5600000000e+02
3.6684176000e-02 4.2000000000e+01 5.3060000000e+03
3.6684272000e-02 4.3000000000e+01 4.2120000000e+03
3.6772944000e-02 2.0000000000e+00 2.3391000000e+04
9.7915200000e-03 4.6000000000e+01 4.3100000000e+02
4.1949728000e-02 1.3000000000e+01 1.7127000000e+04
4.1950000000e-02 4.2000000000e+01 5.1860000000e+03
4.1950448000e-02 4.3000000000e+01 1.9880000000e+03
6.6461600000e-03 7.0000000000e+00 2.7438000000e+04
6.6464160000e-03 5.3000000000e+01 6.4230000000e+03
6.6465120000e-03 5.4000000000e+01 5.0330000000e+03
1.2127792000e-02 2.0000000000e+01 2.3917000000e+04
1.2127872000e-02 1.9000000000e+01 1.0777000000e+04
1.2127984000e-02 5.2000000000e+01 9.4880000000e+03
1.2128192000e-02 5.3000000000e+01 4.6290000000e+03
1.2128592000e-02 5.1000000000e+01 2.0690000000e+03
2.5755216000e-02 2.0000000000e+01 2.0073000000e+04
2.5755648000e-02 5.3000000000e+01 4.5580000000e+03
2.5755808000e-02 5.2000000000e+01 3.5380000000e+03
3.0634032000e-02 3.1000000000e+01 1.2260000000e+03
3.3492352000e-02 1.3000000000e+01 8.4800000000e+02
3.6773344000e-02 4.5000000000e+01 4.5400000000e+03
3.6773824000e-02 4.4000000000e+01 2.0010000000e+03
3.6774080000e-02 4.6000000000e+01 8.3200000000e+02
3.8661616000e-02 4.6000000000e+01 4.6000000000e+02
3.9863760000e-02 2.0000000000e+01 2.0384000000e+04
4.7079792000e-02 7.0000000000e+00 2.7663000000e+04
4.7080000000e-02 8.0000000000e+00 9.7070000000e+03
4.7080368000e-02 4.8000000000e+01 4.4160000000e+03
8.9286400000e-04 1.4000000000e+01 3.8800000000e+02
2.9279216000e-02 4.6000000000e+01 4.8200000000e+02
3.9338432000e-02 4.6000000000e+01 1.9100000000e+02
3.9864080000e-02 4.3000000000e+01 5.5540000000e+03
3.9864528000e-02 4.4000000000e+01 1.9060000000e+03
3.9865024000e-02 4.2000000000e+01 2.0500000000e+02
4.7080016000e-02 4.7000000000e+01 1.1803000000e+04
4.7080464000e-02 4.6000000000e+01 2.7950000000e+03
4.9068304000e-02 4.6000000000e+01 6.4700000000e+02
9.7561280000e-03 7.0000000000e+00 1.7069000000e+04
9.7564480000e-03 6.0000000000e+00 1.4220000000e+03
1.9125904000e-02 4.6000000000e+01 5.1700000000e+02
7.7619360000e-03 2.0000000000e+01 2.1376000000e+04
7.7622880000e-03 5.5000000000e+01 5.8560000000e+03
7.7628800000e-03 5.4000000000e+01 1.6550000000e+03
9.7564000000e-03 4.5000000000e+01 4.8160000000e+03
9.7566880000e-03 4.4000000000e+01 2.4820000000e+03
3.8647584000e-02 1.9000000000e+01 1.6503000000e+04
3.8647616000e-02 2.0000000000e+01 2.1083000000e+04
4.9007280000e-02 4.6000000000e+01 5.5600000000e+02
2.7838752000e-02 4.6000000000e+01 6.9700000000e+02
3.8647728000e-02 4.2000000000e+01 1.0549000000e+04
3.8647872000e-02 4.3000000000e+01 5.6540000000e+03
3.8648256000e-02 4.1000000000e+01 2.0030000000e+03
3.9196144000e-02 8.0000000000e+00 1.6399000000e+04
5.8245344000e-02 4.6000000000e+01 3.5900000000e+02
7.0667520000e-03 1.4000000000e+01 8.0260000000e+03
7.0668320000e-03 1.3000000000e+01 6.6340000000e+03
3.9196496000e-02 4.5000000000e+01 4.1730000000e+03
3.9196928000e-02 4.4000000000e+01 2.0940000000e+03
4.3045232000e-02 1.3000000000e+01 1.5399000000e+04
4.3046000000e-02 1.4000000000e+01 1.6750000000e+03
7.0669760000e-03 4.1000000000e+01 5.1170000000e+03
7.0675840000e-03 4.0000000000e+01 1.3780000000e+03
7.0678240000e-03 4.2000000000e+01 6.3000000000e+02
2.7486320000e-02 4.6000000000e+01 6.2900000000e+02
3.8406640000e-02 2.6000000000e+01 1.0380000000e+03
4.3045536000e-02 4.3000000000e+01 4.9840000000e+03
4.3045632000e-02 4.2000000000e+01 3.0190000000e+03
5.9175616000e-02 3.1000000000e+01 7.5900000000e+02
2.9944032000e-02 3.1000000000e+01 1.5870000000e+03
3.8582864000e-02 4.6000000000e+01 5.3500000000e+02
4.7709712000e-02 4.6000000000e+01 4.8900000000e+02
4.8643376000e-02 3.1000000000e+01 1.4010000000e+03
6.7986720000e-03 1.3000000000e+01 3.6830000000e+03
2.8755808000e-02 4.6000000000e+01 4.1500000000e+02
2.8875184000e-02 4.6000000000e+01 7.6900000000e+02
3.0096432000e-02 3.1000000000e+01 1.2080000000e+03
3.9857072000e-02 2.5000000000e+01 9.8300000000e+03
3.9857104000e-02 2.6000000000e+01 1.1492000000e+04
3.9857312000e-02 3.8000000000e+01 5.9070000000e+03
3.9858048000e-02 3.7000000000e+01 1.2970000000e+03
3.9858176000e-02 3.9000000000e+01 5.6400000000e+02
1.3143184000e-02 2.6000000000e+01 3.0518000000e+04
2.8744112000e-02 4.6000000000e+01 5.0500000000e+02
1.3143552000e-02 4.4000000000e+01 6.4550000000e+03
1.3143568000e-02 4.3000000000e+01 6.6000000000e+03
1.3144288000e-02 4.2000000000e+01 7.8800000000e+02
3.9077696000e-02 1.9000000000e+01 2.3505000000e+04
3.9078048000e-02 4.4000000000e+01 5.1620000000e+03
3.9078080000e-02 4.5000000000e+01 3.9340000000e+03
5.5950160000e-02 1.3000000000e+01 1.1694000000e+04
5.5950384000e-02 1.4000000000e+01 5.4520000000e+03
5.5950480000e-02 4.2000000000e+01 5.2770000000e+03
5.5951232000e-02 4.1000000000e+01 1.0780000000e+03
1.7093616000e-02 2.7000000000e+01 4.3300000000e+02
4.2986704000e-02 1.4000000000e+01 2.8228000000e+04
4.2986928000e-02 5.4000000000e+01 9.8110000000e+03
4.2987072000e-02 5.3000000000e+01 5.3670000000e+03
4.2987936000e-02 5.5000000000e+01 7.2500000000e+02
4.2991136000e-02 1.5000000000e+01 3.8880000000e+03
4.7655696000e-02 4.6000000000e+01 4.7900000000e+02
5.7505728000e-02 4.6000000000e+01 3.6800000000e+02
8.4631360000e-03 3.1000000000e+01 1.3050000000e+03
2.3676496000e-02 2.0000000000e+01 3.8488000000e+04
2.3676736000e-02 3.6000000000e+01 1.1427000000e+04
2.3676800000e-02 3.5000000000e+01 7.7160000000e+03
2.3677056000e-02 1.9000000000e+01 2.5850000000e+03
2.3677248000e-02 3.7000000000e+01 2.5140000000e+03
3.6565424000e-02 1.0000000000e+01 1.8000000000e+01
3.9399840000e-02 2.0000000000e+00 1.8574000000e+04
3.9400240000e-02 4.5000000000e+01 3.6120000000e+03
3.9400576000e-02 4.6000000000e+01 1.2460000000e+03
3.9400736000e-02 4.4000000000e+01 1.5120000000e+03
3.9855312000e-02 2.0000000000e+00 4.0791000000e+04
3.9855568000e-02 5.3000000000e+01 7.6060000000e+03
3.9855664000e-02 5.4000000000e+01 5.5100000000e+03
3.9856064000e-02 5.2000000000e+01 2.0660000000e+03
3.9859408000e-02 1.0000000000e+00 3.5220000000e+03
3.9860144000e-02 3.0000000000e+00 5.6560000000e+03
4.7295792000e-02 4.6000000000e+01 3.1800000000e+02
5.2789712000e-02 1.0000000000e+00 1.1171000000e+04
5.2790608000e-02 2.0000000000e+00 6.5000000000e+02
7.6109760000e-03 1.4000000000e+01 1.0220000000e+04
7.6113600000e-03 4.6000000000e+01 2.9640000000e+03
4.1793824000e-02 8.0000000000e+00 1.6555000000e+04
4.6444240000e-02 4.6000000000e+01 5.6600000000e+02
5.2790256000e-02 4.7000000000e+01 2.4740000000e+03
1.6801456000e-02 4.6000000000e+01 6.4700000000e+02
4.1794160000e-02 4.1000000000e+01 4.8440000000e+03
4.1794784000e-02 4.0000000000e+01 1.4660000000e+03
5.7612960000e-03 4.6000000000e+01 5.2400000000e+02
9.6618400000e-03 4.9000000000e+01 9.5790000000e+03
9.6620480000e-03 4.8000000000e+01 5.0570000000e+03
9.6626880000e-03 5.0000000000e+01 1.4400000000e+03
1.3605456000e-02 2.0000000000e+01 6.9500000000e+02
2.5129520000e-02 3.1000000000e+01 4.6080000000e+03
4.0396304000e-02 1.0000000000e+00 2.4357000000e+04
4.0396752000e-02 4.1000000000e+01 4.2150000000e+03
4.0397024000e-02 4.0000000000e+01 2.5850000000e+03
4.0397424000e-02 4.2000000000e+01 1.1120000000e+03
4.6754064000e-02 4.9000000000e+01 7.5900000000e+02
4.6770592000e-02 4.6000000000e+01 4.5200000000e+02
5.0107776000e-02 4.0000000000e+00 1.4210000000e+03
5.1900176000e-02 3.1000000000e+01 1.0530000000e+03
9.6616480000e-03 1.8000000000e+01 1.4385000000e+04
9.6616960000e-03 1.9000000000e+01 2.0067000000e+04
1.3171296000e-02 8.0000000000e+00 7.7400000000e+02
1.4014752000e-02 2.0000000000e+00 1.6483000000e+04
3.5811344000e-02 4.6000000000e+01 5.1400000000e+02
3.6441488000e-02 1.4000000000e+01 2.0223000000e+04
4.6753856000e-02 4.6000000000e+01 9.3200000000e+02
1.4015152000e-02 4.1000000000e+01 2.7200000000e+03
1.4015536000e-02 4.0000000000e+01 1.3350000000e+03
3.5675088000e-02 3.1000000000e+01 4.5710000000e+03
3.5675632000e-02 4.6000000000e+01 1.0680000000e+03
3.6441792000e-02 5.5000000000e+01 6.3150000000e+03
3.6442352000e-02 5.4000000000e+01 1.7820000000e+03
3.6809568000e-02 4.6000000000e+01 5.0100000000e+02
