7.1275040000e-03 4.0000000000e+00 2.9006000000e+04
7.1278720000e-03 4.3000000000e+01 5.9370000000e+03
7.1279040000e-03 5.0000000000e+00 7.9200000000e+02
7.1279200000e-03 4.4000000000e+01 5.0930000000e+03
1.5878560000e-02 2.2000000000e+01 4.9350000000e+03
3.6260080000e-02 3.0000000000e+00 8.3400000000e+03
3.7881760000e-02 2.8000000000e+01 3.0512000000e+04
4.2301408000e-02 2.1000000000e+01 3.7264000000e+04
4.2301632000e-02 4.6000000000e+01 9.6890000000e+03
4.2301792000e-02 4.7000000000e+01 1.0213000000e+04
4.2302384000e-02 4.8000000000e+01 1.9560000000e+03
4.2302384000e-02 4.5000000000e+01 2.0270000000e+03
4.6851520000e-02 4.0000000000e+00 1.5206000000e+04
1.4434416000e-02 1.2000000000e+01 1.1250000000e+03
1.4556064000e-02 2.1000000000e+01 3.0650000000e+03
3.7882112000e-02 4.0000000000e+01 6.2610000000e+03
3.7882384000e-02 3.9000000000e+01 3.4320000000e+03
3.7882976000e-02 4.1000000000e+01 1.6770000000e+03
3.9421184000e-02 1.0000000000e+01 2.4950000000e+04
3.9421472000e-02 4.3000000000e+01 6.7160000000e+03
3.9421952000e-02 4.4000000000e+01 2.5190000000e+03
3.9924368000e-02 2.2000000000e+01 1.4942000000e+04
4.6852032000e-02 4.3000000000e+01 3.2530000000e+03
4.6852256000e-02 4.4000000000e+01 2.4640000000e+03
9.8566240000e-03 1.1000000000e+01 4.6450000000e+03
3.9924848000e-02 4.3000000000e+01 3.5870000000e+03
3.9925232000e-02 4.4000000000e+01 2.3190000000e+03
5.0562768000e-02 0.0000000000e+00 1.2040000000e+03
4.2321840000e-02 2.0000000000e+00 1.5530000000e+03
7.7237440000e-03 4.0000000000e+00 3.2320000000e+03
1.1140432000e-02 2.2000000000e+01 1.0116000000e+04
1.1140480000e-02 2.3000000000e+01 8.6880000000e+03
3.9875408000e-02 1.0000000000e+01 2.0483000000e+04
3.9875792000e-02 5.4000000000e+01 5.2580000000e+03
3.9875856000e-02 5.3000000000e+01 3.9650000000e+03
1.0634816000e-02 1.0000000000e+01 8.6000000000e+03
1.1140736000e-02 5.3000000000e+01 4.5060000000e+03
1.1140800000e-02 5.4000000000e+01 4.3080000000e+03
1.9073072000e-02 2.8000000000e+01 1.1520000000e+04
1.9073648000e-02 4.3000000000e+01 2.8290000000e+03
4.0073584000e-02 1.0000000000e+01 2.0084000000e+04
4.3364048000e-02 1.5000000000e+01 2.4224000000e+04
1.0635472000e-02 5.3000000000e+01 2.0070000000e+03
1.0635616000e-02 5.2000000000e+01 1.9120000000e+03
1.1826464000e-02 3.0000000000e+00 1.9320000000e+03
1.3946096000e-02 2.2000000000e+01 2.8529000000e+04
1.3946144000e-02 2.3000000000e+01 1.4925000000e+04
1.3946368000e-02 4.6000000000e+01 8.2150000000e+03
1.3946432000e-02 4.7000000000e+01 1.1419000000e+04
1.3946672000e-02 4.8000000000e+01 3.6870000000e+03
3.9325664000e-02 4.0000000000e+00 4.0613000000e+04
3.9325936000e-02 4.3000000000e+01 8.4700000000e+03
3.9325968000e-02 4.2000000000e+01 7.7830000000e+03
3.9326752000e-02 4.4000000000e+01 1.8900000000e+03
3.9330240000e-02 5.0000000000e+00 5.5290000000e+03
4.0073984000e-02 3.8000000000e+01 4.9150000000e+03
4.0074224000e-02 3.9000000000e+01 3.0470000000e+03
4.0957968000e-02 4.0000000000e+00 3.4095000000e+04
4.0958336000e-02 4.7000000000e+01 8.6300000000e+03
4.0958384000e-02 4.6000000000e+01 4.3680000000e+03
4.0958752000e-02 4.8000000000e+01 2.4680000000e+03
4.3364224000e-02 4.5000000000e+01 9.4340000000e+03
4.3364272000e-02 4.4000000000e+01 9.1900000000e+03
5.0280928000e-02 2.3000000000e+01 1.5390000000e+03
4.3364144000e-02 1.6000000000e+01 1.2704000000e+04
4.3364240000e-02 1.4000000000e+01 2.8910000000e+03
9.8227680000e-03 4.1000000000e+01 5.8830000000e+03
9.8234880000e-03 4.0000000000e+01 2.0320000000e+03
9.8239200000e-03 4.2000000000e+01 1.1110000000e+03
1.5431904000e-02 1.4000000000e+01 9.5400000000e+02
3.9278336000e-02 4.6000000000e+01 7.3780000000e+03
3.9278544000e-02 4.5000000000e+01 4.3120000000e+03
5.2484544000e-02 4.7000000000e+01 9.1860000000e+03
5.2485136000e-02 4.6000000000e+01 1.9970000000e+03
9.8224160000e-03 1.0000000000e+01 2.1068000000e+04
1.5427520000e-02 2.8000000000e+01 2.0240000000e+03
3.9278032000e-02 1.6000000000e+01 2.0042000000e+04
3.9278320000e-02 1.5000000000e+01 5.4310000000e+03
4.3048560000e-02 1.6000000000e+01 1.3070000000e+03
4.3357616000e-02 4.0000000000e+00 3.5467000000e+04
4.3357872000e-02 5.1000000000e+01 7.6660000000e+03
4.3358000000e-02 5.2000000000e+01 5.3750000000e+03
4.3591168000e-02 1.0000000000e+00 1.6510000000e+03
5.2484176000e-02 2.2000000000e+01 2.9247000000e+04
5.2484560000e-02 4.8000000000e+01 5.7500000000e+03
5.6424160000e-03 3.1000000000e+01 1.7350000000e+03
9.1243520000e-03 9.0000000000e+00 3.1173000000e+04
9.1246400000e-03 4.3000000000e+01 8.2950000000e+03
9.1250240000e-03 4.2000000000e+01 2.9530000000e+03
9.1251520000e-03 4.4000000000e+01 2.8180000000e+03
9.1262560000e-03 9.0000000000e+00 1.7568000000e+04
9.1266080000e-03 4.5000000000e+01 5.0350000000e+03
9.1271360000e-03 4.4000000000e+01 2.4740000000e+03
1.5468096000e-02 9.0000000000e+00 7.8090000000e+03
1.5468496000e-02 4.6000000000e+01 2.4330000000e+03
1.8324752000e-02 4.0000000000e+00 1.3468000000e+04
1.8325344000e-02 4.8000000000e+01 2.6230000000e+03
1.8325744000e-02 4.9000000000e+01 1.6510000000e+03
4.2666336000e-02 2.2000000000e+01 3.3670000000e+03
4.6882656000e-02 1.6000000000e+01 3.6974000000e+04
4.6882912000e-02 4.0000000000e+01 9.9770000000e+03
4.6883072000e-02 4.1000000000e+01 5.2970000000e+03
4.6883232000e-02 3.9000000000e+01 3.7470000000e+03
5.4468832000e-02 2.5000000000e+01 1.3620000000e+03
6.5941920000e-03 3.1000000000e+01 1.7520000000e+03
3.4769712000e-02 3.1000000000e+01 1.6540000000e+03
3.9816016000e-02 1.8000000000e+01 1.6240000000e+03
1.1023104000e-02 3.1000000000e+01 2.1390000000e+03
1.5689504000e-02 2.3000000000e+01 3.0538000000e+04
1.5689744000e-02 2.2000000000e+01 3.7130000000e+03
1.5689776000e-02 4.4000000000e+01 8.8180000000e+03
1.5689872000e-02 4.3000000000e+01 6.3760000000e+03
1.5690512000e-02 4.5000000000e+01 1.8000000000e+03
3.9926784000e-02 4.2000000000e+01 3.9430000000e+03
3.9927056000e-02 4.3000000000e+01 2.5920000000e+03
4.5079040000e-02 4.0000000000e+00 3.2051000000e+04
4.5079104000e-02 5.0000000000e+00 8.6190000000e+03
4.5079232000e-02 5.3000000000e+01 1.0355000000e+04
4.5079424000e-02 5.2000000000e+01 5.7460000000e+03
4.5079872000e-02 5.4000000000e+01 2.4030000000e+03
2.1839056000e-02 3.9000000000e+01 1.1083000000e+04
2.1839360000e-02 3.8000000000e+01 4.6500000000e+03
3.9898272000e-02 4.0000000000e+00 1.9605000000e+04
3.9898720000e-02 5.4000000000e+01 4.5520000000e+03
3.9899376000e-02 5.3000000000e+01 1.7950000000e+03
3.9899568000e-02 5.5000000000e+01 1.4640000000e+03
3.9926384000e-02 9.0000000000e+00 1.6702000000e+04
9.6650720000e-03 3.8000000000e+01 1.0577000000e+04
9.6653600000e-03 3.9000000000e+01 4.1380000000e+03
9.6656320000e-03 3.7000000000e+01 2.8500000000e+03
2.1838800000e-02 1.5000000000e+01 3.9110000000e+04
2.1839344000e-02 4.0000000000e+01 4.5300000000e+03
4.3554016000e-02 1.6000000000e+01 8.1500000000e+03
4.3554352000e-02 1.7000000000e+01 1.7830000000e+03
4.3554464000e-02 4.1000000000e+01 3.0510000000e+03
9.6648320000e-03 1.0000000000e+01 2.8573000000e+04
9.6649600000e-03 1.1000000000e+01 6.6410000000e+03
1.1731024000e-02 2.2000000000e+01 1.7735000000e+04
1.1731168000e-02 2.3000000000e+01 4.4650000000e+03
1.1731408000e-02 4.5000000000e+01 5.1380000000e+03
1.1731472000e-02 4.4000000000e+01 5.0840000000e+03
3.7399424000e-02 4.0000000000e+00 3.9306000000e+04
3.7399664000e-02 5.4000000000e+01 1.0022000000e+04
3.7399840000e-02 5.5000000000e+01 5.3960000000e+03
3.7400016000e-02 5.3000000000e+01 3.4570000000e+03
3.7403904000e-02 5.0000000000e+00 5.5030000000e+03
4.3560224000e-02 2.2000000000e+01 2.2299000000e+04
4.3560400000e-02 2.3000000000e+01 3.9080000000e+03
4.3560592000e-02 4.3000000000e+01 6.1640000000e+03
4.3560624000e-02 4.4000000000e+01 5.7430000000e+03
8.2240160000e-03 2.2000000000e+01 4.7950000000e+03
8.2242560000e-03 2.3000000000e+01 2.2330000000e+03
8.2248640000e-03 5.3000000000e+01 1.9550000000e+03
8.2251040000e-03 5.2000000000e+01 1.5100000000e+03
1.8603408000e-02 3.0000000000e+00 1.6310000000e+03
3.6823856000e-02 5.2000000000e+01 8.1180000000e+03
3.6824080000e-02 5.1000000000e+01 4.0070000000e+03
3.6824240000e-02 5.3000000000e+01 2.8670000000e+03
4.9829984000e-02 6.0000000000e+00 1.2690000000e+03
3.6823600000e-02 2.8000000000e+01 3.4921000000e+04
3.6828448000e-02 2.9000000000e+01 4.1740000000e+03
4.8554096000e-02 4.0000000000e+00 3.3350000000e+03
4.8654144000e-02 1.0000000000e+01 2.0830000000e+03
1.7388160000e-03 0.0000000000e+00 1.6790000000e+03
1.0736144000e-02 1.0000000000e+01 2.3496000000e+04
1.0736560000e-02 4.7000000000e+01 8.2240000000e+03
1.0736816000e-02 4.8000000000e+01 3.1090000000e+03
1.0737312000e-02 4.6000000000e+01 1.6510000000e+03
1.3685504000e-02 7.0000000000e+00 1.2360000000e+03
4.5299104000e-02 4.0000000000e+00 2.3697000000e+04
4.5299552000e-02 5.0000000000e+01 4.7760000000e+03
4.5299680000e-02 4.9000000000e+01 3.6450000000e+03
5.4673440000e-03 1.1000000000e+01 1.5060000000e+03
1.1295872000e-02 3.8000000000e+01 8.5620000000e+03
1.1295936000e-02 3.7000000000e+01 6.1770000000e+03
1.1296464000e-02 3.9000000000e+01 2.2250000000e+03
1.3493376000e-02 1.8000000000e+01 1.6500000000e+03
1.4082560000e-02 3.0000000000e+00 2.9742000000e+04
1.4082848000e-02 5.2000000000e+01 7.0760000000e+03
1.4082944000e-02 5.3000000000e+01 4.7750000000e+03
1.4083488000e-02 5.1000000000e+01 1.6610000000e+03
1.4086736000e-02 2.0000000000e+00 4.7740000000e+03
1.5215680000e-02 5.4000000000e+01 1.0988000000e+04
1.5215792000e-02 5.5000000000e+01 7.0820000000e+03
1.5216064000e-02 5.3000000000e+01 3.0570000000e+03
5.7261312000e-02 1.3000000000e+01 9.1000000000e+02
1.1295536000e-02 2.2000000000e+01 3.5360000000e+04
1.1299248000e-02 2.1000000000e+01 4.1680000000e+03
1.1300080000e-02 2.3000000000e+01 4.5210000000e+03
1.2348576000e-02 5.3000000000e+01 1.2756000000e+04
1.2348624000e-02 5.4000000000e+01 1.1079000000e+04
1.2349504000e-02 5.2000000000e+01 1.7940000000e+03
1.2349600000e-02 5.5000000000e+01 1.4910000000e+03
1.5170704000e-02 3.1000000000e+01 1.8570000000e+03
1.5215488000e-02 2.3000000000e+01 2.9975000000e+04
1.5215536000e-02 2.2000000000e+01 1.0800000000e+04
3.7919088000e-02 1.6000000000e+01 2.1170000000e+03
4.2896448000e-02 1.0000000000e+01 1.2300000000e+04
4.2896544000e-02 9.0000000000e+00 8.6250000000e+03
4.2896656000e-02 4.6000000000e+01 6.2650000000e+03
4.2896912000e-02 4.5000000000e+01 3.3410000000e+03
3.3464000000e-04 1.0000000000e+00 1.1320000000e+03
8.7237920000e-03 4.0000000000e+00 1.6874000000e+04
8.7242400000e-03 5.0000000000e+01 3.9550000000e+03
1.2348416000e-02 8.0000000000e+00 1.9425000000e+04
1.2348416000e-02 9.0000000000e+00 2.9733000000e+04
1.3616800000e-02 5.3000000000e+01 1.0562000000e+04
1.3616880000e-02 5.2000000000e+01 8.8950000000e+03
3.0995440000e-02 1.0000000000e+00 1.3040000000e+03
3.8270928000e-02 4.8000000000e+01 4.7210000000e+03
4.4668720000e-02 1.0000000000e+01 7.9860000000e+03
8.6390240000e-03 4.0000000000e+00 6.3670000000e+03
8.6394240000e-03 5.0000000000e+00 1.5770000000e+03
1.2575840000e-02 2.2000000000e+01 3.6493000000e+04
1.2579520000e-02 2.1000000000e+01 4.4030000000e+03
1.2580304000e-02 2.3000000000e+01 4.8590000000e+03
1.3273648000e-02 3.0000000000e+00 2.3929000000e+04
1.3273728000e-02 4.0000000000e+00 1.5712000000e+04
1.3277840000e-02 2.0000000000e+00 4.3860000000e+03
1.3616592000e-02 9.0000000000e+00 1.8614000000e+04
1.3616640000e-02 1.0000000000e+01 2.2265000000e+04
3.8270528000e-02 9.0000000000e+00 2.4315000000e+04
3.8271008000e-02 4.7000000000e+01 6.1460000000e+03
4.9193520000e-02 3.0000000000e+01 1.6920000000e+03
9.4812000000e-03 2.2000000000e+01 1.7057000000e+04
9.4812320000e-03 2.1000000000e+01 9.6050000000e+03
1.2576096000e-02 4.3000000000e+01 1.1288000000e+04
1.2576352000e-02 4.2000000000e+01 4.3010000000e+03
1.2576496000e-02 4.4000000000e+01 3.7550000000e+03
1.3273952000e-02 5.1000000000e+01 7.0490000000e+03
1.3273968000e-02 5.0000000000e+01 6.5380000000e+03
5.3916848000e-02 2.2000000000e+01 8.0050000000e+03
5.3917264000e-02 2.3000000000e+01 1.6480000000e+03
5.3917440000e-02 5.4000000000e+01 2.5270000000e+03
5.3917552000e-02 5.3000000000e+01 1.9760000000e+03
8.0589920000e-03 1.6000000000e+01 2.8184000000e+04
9.4813440000e-03 4.6000000000e+01 8.8900000000e+03
9.4818560000e-03 4.5000000000e+01 2.7630000000e+03
3.7453888000e-02 2.2000000000e+01 3.1600000000e+04
4.0187072000e-02 9.0000000000e+00 1.6054000000e+04
4.0187184000e-02 1.0000000000e+01 9.9940000000e+03
4.0187392000e-02 4.1000000000e+01 6.0250000000e+03
4.0187456000e-02 4.0000000000e+01 4.8950000000e+03
8.0592480000e-03 4.6000000000e+01 7.9170000000e+03
8.0595680000e-03 4.7000000000e+01 5.3500000000e+03
3.7454160000e-02 4.8000000000e+01 8.0330000000e+03
3.7454912000e-02 4.9000000000e+01 1.9060000000e+03
4.3181232000e-02 3.0000000000e+00 1.7411000000e+04
4.3181920000e-02 4.2000000000e+01 3.0530000000e+03
4.3181968000e-02 4.3000000000e+01 2.9570000000e+03
5.0682784000e-02 4.0000000000e+00 1.4584000000e+04
5.0683120000e-02 5.1000000000e+01 4.2000000000e+03
5.0683328000e-02 3.0000000000e+00 2.0850000000e+03
5.0683840000e-02 5.2000000000e+01 1.5540000000e+03
3.7454448000e-02 4.7000000000e+01 5.4450000000e+03
4.1140592000e-02 1.6000000000e+01 4.8820000000e+03
4.1140720000e-02 1.7000000000e+01 2.7130000000e+03
4.1141328000e-02 4.3000000000e+01 1.7980000000e+03
4.4120048000e-02 1.3000000000e+01 1.6520000000e+03
5.6297504000e-02 2.7000000000e+01 1.7220000000e+03
1.8216224000e-02 1.0000000000e+01 2.1692000000e+04
1.8216336000e-02 9.0000000000e+00 1.0094000000e+04
3.7002528000e-02 2.2000000000e+01 3.2420000000e+03
3.9136656000e-02 4.0000000000e+00 1.4266000000e+04
3.9137168000e-02 5.0000000000e+00 1.0340000000e+03
3.9137264000e-02 4.0000000000e+01 2.9430000000e+03
3.9137392000e-02 3.9000000000e+01 2.4510000000e+03
1.1673120000e-03 1.3000000000e+01 1.0700000000e+03
5.2614880000e-03 5.0000000000e+00 2.1242000000e+04
5.2615520000e-03 6.0000000000e+00 1.0672000000e+04
5.2616640000e-03 5.9000000000e+01 1.0827000000e+04
5.2616960000e-03 4.0000000000e+00 5.2520000000e+03
5.2621440000e-03 6.0000000000e+01 3.0370000000e+03
5.2621440000e-03 5.8000000000e+01 3.0260000000e+03
7.3895520000e-03 1.5000000000e+01 7.4680000000e+03
1.0994608000e-02 2.2000000000e+01 1.5755000000e+04
1.0995040000e-02 5.4000000000e+01 3.9470000000e+03
1.0995328000e-02 5.3000000000e+01 2.2530000000e+03
1.8216512000e-02 4.4000000000e+01 7.2790000000e+03
1.8216544000e-02 4.3000000000e+01 6.5540000000e+03
3.9611856000e-02 4.0000000000e+00 3.6510000000e+03
4.1207280000e-02 2.7000000000e+01 3.3325000000e+04
4.1207616000e-02 4.1000000000e+01 7.1090000000e+03
4.1207616000e-02 4.0000000000e+01 7.2430000000e+03
4.1207904000e-02 2.8000000000e+01 2.6770000000e+03
4.1212112000e-02 2.6000000000e+01 4.5070000000e+03
4.1301776000e-02 3.0000000000e+00 2.8425000000e+04
4.1302000000e-02 4.8000000000e+01 8.5890000000e+03
4.1302016000e-02 4.0000000000e+00 7.6750000000e+03
4.1302208000e-02 4.9000000000e+01 4.6720000000e+03
4.1302768000e-02 4.7000000000e+01 2.7340000000e+03
4.1305968000e-02 2.0000000000e+00 5.0200000000e+03
4.2728464000e-02 2.8000000000e+01 2.4434000000e+04
4.2728544000e-02 2.9000000000e+01 7.8490000000e+03
4.2728720000e-02 4.2000000000e+01 7.2480000000e+03
4.2728880000e-02 4.3000000000e+01 4.5900000000e+03
4.2729872000e-02 4.1000000000e+01 1.0170000000e+03
7.3895520000e-03 1.6000000000e+01 8.5190000000e+03
7.3900320000e-03 4.7000000000e+01 4.6180000000e+03
7.8247040000e-03 4.7000000000e+01 5.2380000000e+03
8.8088000000e-03 4.0000000000e+00 1.1665000000e+04
8.8094880000e-03 5.2000000000e+01 2.5450000000e+03
8.8096160000e-03 5.3000000000e+01 1.8900000000e+03
4.5332240000e-02 6.0000000000e+00 2.0960000000e+03
5.9320256000e-02 1.8000000000e+01 1.2570000000e+03
7.3898720000e-03 4.8000000000e+01 4.0370000000e+03
7.5048000000e-03 1.0000000000e+01 8.7140000000e+03
7.5054240000e-03 5.1000000000e+01 2.5470000000e+03
7.8241120000e-03 3.0000000000e+00 3.4084000000e+04
7.8244160000e-03 4.8000000000e+01 7.4030000000e+03
7.8247200000e-03 0.0000000000e+00 8.0000000000e+00
7.8248320000e-03 4.9000000000e+01 2.8720000000e+03
7.8281760000e-03 2.0000000000e+00 5.9220000000e+03
9.5701760000e-03 0.0000000000e+00 1.0450000000e+03
1.9792064000e-02 3.1000000000e+01 3.4860000000e+03
3.9327376000e-02 5.1000000000e+01 1.4057000000e+04
3.9327728000e-02 5.0000000000e+01 4.6420000000e+03
3.9327888000e-02 5.2000000000e+01 2.8880000000e+03
5.3356784000e-02 0.0000000000e+00 1.3740000000e+03
2.2823200000e-03 8.0000000000e+00 2.2210000000e+03
9.9641280000e-03 2.1000000000e+01 1.4690000000e+03
1.1791360000e-02 3.1000000000e+01 2.0530000000e+03
1.3680144000e-02 5.3000000000e+01 3.8100000000e+03
1.3680288000e-02 5.2000000000e+01 3.1720000000e+03
1.4964128000e-02 5.2000000000e+01 3.9180000000e+03
3.9327200000e-02 1.0000000000e+01 3.7598000000e+04
4.0955328000e-02 4.0000000000e+00 2.7897000000e+04
4.0955376000e-02 5.0000000000e+00 9.4740000000e+03
4.0955648000e-02 4.4000000000e+01 7.6830000000e+03
4.0955664000e-02 4.3000000000e+01 6.9860000000e+03
4.0956560000e-02 4.5000000000e+01 1.2800000000e+03
4.0956656000e-02 4.2000000000e+01 1.1600000000e+03
4.2322384000e-02 1.6000000000e+01 7.0120000000e+03
4.2322464000e-02 4.3000000000e+01 9.4340000000e+03
4.2322864000e-02 4.4000000000e+01 3.8510000000e+03
4.2322912000e-02 4.2000000000e+01 3.0820000000e+03
4.5991168000e-02 1.0000000000e+01 1.9120000000e+03
1.2352304000e-02 8.0000000000e+00 1.6250000000e+03
1.3679680000e-02 3.0000000000e+00 2.3082000000e+04
4.2322176000e-02 1.5000000000e+01 2.7953000000e+04
1.4963696000e-02 1.1000000000e+01 8.9920000000e+03
1.4963872000e-02 1.0000000000e+01 3.9740000000e+03
1.4964368000e-02 5.3000000000e+01 2.6710000000e+03
4.2114592000e-02 2.3000000000e+01 3.1560000000e+03
4.2114800000e-02 2.2000000000e+01 1.8580000000e+03
6.7747200000e-03 4.2000000000e+01 8.8720000000e+03
6.7750560000e-03 4.3000000000e+01 3.6300000000e+03
6.7752480000e-03 4.1000000000e+01 2.6130000000e+03
9.1160960000e-03 1.6000000000e+01 5.7390000000e+03
2.7023344000e-02 1.0000000000e+00 1.5860000000e+03
3.4721760000e-02 0.0000000000e+00 1.5350000000e+03
4.2042240000e-02 2.8000000000e+01 2.6920000000e+03
4.3950960000e-02 4.3000000000e+01 5.7830000000e+03
4.3951232000e-02 4.4000000000e+01 3.2330000000e+03
4.7579904000e-02 3.1000000000e+01 3.0220000000e+03
6.7744640000e-03 4.0000000000e+00 3.4822000000e+04
6.7791520000e-03 5.0000000000e+00 4.7160000000e+03
7.9366720000e-03 1.7000000000e+01 1.4870000000e+03
3.8278976000e-02 1.6000000000e+01 1.5410000000e+04
3.8279008000e-02 1.5000000000e+01 1.1128000000e+04
3.8279152000e-02 5.2000000000e+01 7.8380000000e+03
3.8279440000e-02 5.3000000000e+01 3.4200000000e+03
3.8279920000e-02 5.1000000000e+01 1.6800000000e+03
4.0024976000e-02 4.0000000000e+00 1.7605000000e+04
4.0025440000e-02 4.3000000000e+01 3.8230000000e+03
4.0025664000e-02 4.4000000000e+01 2.9930000000e+03
4.3950624000e-02 2.8000000000e+01 2.4119000000e+04
1.2055536000e-02 4.0000000000e+00 2.6001000000e+04
1.2055856000e-02 4.4000000000e+01 5.2220000000e+03
1.2055936000e-02 4.5000000000e+01 3.9260000000e+03
2.7466816000e-02 1.9000000000e+01 1.6690000000e+03
7.4362880000e-03 1.6000000000e+01 2.6617000000e+04
7.4365920000e-03 4.1000000000e+01 6.8390000000e+03
7.4368800000e-03 4.0000000000e+01 3.3470000000e+03
3.6512368000e-02 5.1000000000e+01 3.2790000000e+03
4.0591232000e-02 1.7000000000e+01 2.9817000000e+04
4.0591504000e-02 1.6000000000e+01 3.4000000000e+03
4.0591552000e-02 3.9000000000e+01 8.3120000000e+03
4.0591696000e-02 4.0000000000e+01 5.1360000000e+03
3.6511888000e-02 1.6000000000e+01 8.9260000000e+03
3.6512656000e-02 1.5000000000e+01 1.2850000000e+03
2.4855680000e-02 1.9000000000e+01 1.2660000000e+03
5.2554240000e-03 2.1000000000e+01 1.5770000000e+03
1.0154176000e-02 1.6000000000e+01 3.4520000000e+04
1.0154336000e-02 1.5000000000e+01 8.7790000000e+03
1.0154448000e-02 4.1000000000e+01 1.0839000000e+04
1.0154560000e-02 4.2000000000e+01 7.5160000000e+03
1.0154864000e-02 4.0000000000e+01 3.8260000000e+03
1.0158384000e-02 1.7000000000e+01 5.2130000000e+03
3.6785760000e-02 2.3000000000e+01 2.9592000000e+04
3.6785920000e-02 2.4000000000e+01 5.8080000000e+03
3.6785968000e-02 5.3000000000e+01 9.1450000000e+03
3.6786048000e-02 5.4000000000e+01 7.0220000000e+03
3.6786832000e-02 5.2000000000e+01 1.6560000000e+03
6.4501920000e-03 1.1000000000e+01 2.9032000000e+04
6.4502720000e-03 1.0000000000e+01 1.7421000000e+04
6.4504640000e-03 4.7000000000e+01 1.4958000000e+04
6.4505280000e-03 4.6000000000e+01 6.2360000000e+03
6.4507680000e-03 4.8000000000e+01 3.7240000000e+03
3.9381008000e-02 1.0000000000e+01 3.4771000000e+04
3.9381184000e-02 4.9000000000e+01 1.0941000000e+04
3.9381440000e-02 4.8000000000e+01 4.7510000000e+03
3.9382048000e-02 5.0000000000e+01 2.0730000000e+03
3.9385776000e-02 1.1000000000e+01 4.2420000000e+03
1.1312944000e-02 4.0000000000e+00 7.0320000000e+03
1.3619264000e-02 4.0000000000e+00 2.5951000000e+04
3.7539680000e-02 1.1000000000e+01 2.5413000000e+04
3.7539792000e-02 1.0000000000e+01 9.7660000000e+03
3.7539904000e-02 5.0000000000e+01 1.0877000000e+04
3.7540096000e-02 4.9000000000e+01 5.4560000000e+03
3.7540576000e-02 5.1000000000e+01 1.9640000000e+03
5.5096384000e-02 3.1000000000e+01 2.8080000000e+03
5.9776192000e-02 1.0000000000e+00 1.8114000000e+04
1.1645584000e-02 2.2000000000e+01 7.5360000000e+03
1.3619520000e-02 5.1000000000e+01 6.3470000000e+03
1.3619840000e-02 5.0000000000e+01 3.2060000000e+03
1.3620304000e-02 5.2000000000e+01 1.8090000000e+03
3.5964448000e-02 1.2000000000e+01 1.8950000000e+03
5.9776896000e-02 5.6000000000e+01 3.0750000000e+03
1.1646384000e-02 5.2000000000e+01 1.9580000000e+03
4.5064208000e-02 4.0000000000e+00 3.2615000000e+04
4.5064480000e-02 5.4000000000e+01 7.4680000000e+03
4.5064704000e-02 5.3000000000e+01 3.6630000000e+03
4.5064848000e-02 5.5000000000e+01 2.8930000000e+03
3.8890304000e-02 4.5000000000e+01 3.7280000000e+03
3.8890304000e-02 4.4000000000e+01 4.4390000000e+03
4.0836608000e-02 2.2000000000e+01 3.8820000000e+03
4.2313424000e-02 4.0000000000e+00 1.9953000000e+04
4.2313776000e-02 5.1000000000e+01 4.5270000000e+03
4.2314528000e-02 5.2000000000e+01 1.6870000000e+03
4.8126272000e-02 5.1000000000e+01 3.6240000000e+03
4.9703376000e-02 2.4000000000e+01 1.2730000000e+03
5.0551616000e-02 9.0000000000e+00 2.0350000000e+03
3.8889840000e-02 2.2000000000e+01 2.0095000000e+04
4.8125920000e-02 1.0000000000e+01 1.2398000000e+04
7.3007680000e-03 4.1000000000e+01 4.4320000000e+03
3.9701328000e-02 8.0000000000e+00 1.2330000000e+03
3.9965856000e-02 4.4000000000e+01 1.0898000000e+04
3.9966048000e-02 4.5000000000e+01 4.8070000000e+03
3.9966096000e-02 4.3000000000e+01 4.4240000000e+03
4.1638672000e-02 4.4000000000e+01 2.8370000000e+03
4.1638848000e-02 4.3000000000e+01 2.3790000000e+03
4.6590992000e-02 1.3000000000e+01 2.0830000000e+03
7.3004000000e-03 1.0000000000e+01 1.4712000000e+04
1.0803888000e-02 4.1000000000e+01 4.3770000000e+03
1.0803904000e-02 4.0000000000e+01 4.3220000000e+03
3.9965616000e-02 1.6000000000e+01 3.7688000000e+04
3.9969808000e-02 1.7000000000e+01 5.8110000000e+03
4.1638096000e-02 2.2000000000e+01 1.3098000000e+04
1.0803440000e-02 2.3000000000e+01 2.2277000000e+04
1.0961904000e-02 4.0000000000e+00 9.4750000000e+03
3.9200944000e-02 1.6000000000e+01 1.9385000000e+04
3.9201088000e-02 1.7000000000e+01 4.1720000000e+03
3.9201280000e-02 5.2000000000e+01 6.3050000000e+03
3.9201488000e-02 5.3000000000e+01 3.9280000000e+03
4.0981648000e-02 2.0000000000e+00 2.2963000000e+04
4.0982624000e-02 1.0000000000e+00 6.4100000000e+02
4.1374016000e-02 1.6000000000e+01 1.2442000000e+04
4.1792080000e-02 4.0000000000e+00 2.7111000000e+04
1.0962528000e-02 5.5000000000e+01 2.2460000000e+03
4.0982016000e-02 4.6000000000e+01 5.0790000000e+03
4.0982416000e-02 4.5000000000e+01 2.7180000000e+03
4.1792400000e-02 4.1000000000e+01 7.0660000000e+03
4.1793008000e-02 4.0000000000e+01 2.4030000000e+03
4.1793056000e-02 4.2000000000e+01 2.2950000000e+03
8.8901600000e-03 1.1000000000e+01 3.3214000000e+04
8.8904160000e-03 1.0000000000e+01 5.2740000000e+03
4.1374544000e-02 4.2000000000e+01 3.4990000000e+03
4.2639776000e-02 4.0000000000e+00 2.1822000000e+04
4.2639792000e-02 3.0000000000e+00 1.5446000000e+04
4.2640048000e-02 4.4000000000e+01 7.9230000000e+03
4.2640128000e-02 4.5000000000e+01 5.1380000000e+03
4.2640704000e-02 4.3000000000e+01 2.3360000000e+03
4.4803424000e-02 4.0000000000e+00 4.2866000000e+04
4.4807840000e-02 5.0000000000e+00 6.2350000000e+03
7.0272480000e-03 3.0000000000e+00 7.2160000000e+03
7.0273760000e-03 4.0000000000e+00 4.4640000000e+03
8.8903360000e-03 4.6000000000e+01 1.3672000000e+04
8.8904960000e-03 4.5000000000e+01 6.1210000000e+03
8.8912640000e-03 4.7000000000e+01 2.4720000000e+03
9.1728960000e-03 4.0000000000e+00 9.5400000000e+03
3.4526016000e-02 3.1000000000e+01 3.2810000000e+03
4.4803744000e-02 4.3000000000e+01 9.0030000000e+03
4.4803760000e-02 4.2000000000e+01 8.0560000000e+03
4.4804240000e-02 4.4000000000e+01 3.0980000000e+03
4.4804672000e-02 4.1000000000e+01 1.7600000000e+03
5.4297136000e-02 2.5000000000e+01 1.1820000000e+03
7.0279360000e-03 4.3000000000e+01 2.4020000000e+03
9.1737440000e-03 5.0000000000e+01 2.2350000000e+03
2.7893184000e-02 2.5000000000e+01 1.7766000000e+04
2.7893840000e-02 6.3000000000e+01 2.8460000000e+03
1.0082240000e-02 3.9000000000e+01 7.1150000000e+03
1.6120112000e-02 3.1000000000e+01 2.9290000000e+03
5.0697712000e-02 2.0000000000e+01 1.6760000000e+03
5.1511488000e-02 1.0000000000e+01 1.6840000000e+03
1.0081952000e-02 2.7000000000e+01 2.0112000000e+04
1.0082128000e-02 2.8000000000e+01 9.7150000000e+03
1.0082592000e-02 4.0000000000e+01 3.2200000000e+03
2.0044016000e-02 4.3000000000e+01 8.3230000000e+03
2.0044352000e-02 4.4000000000e+01 3.2930000000e+03
2.0044464000e-02 4.2000000000e+01 2.3890000000e+03
2.2579056000e-02 4.7000000000e+01 4.5130000000e+03
4.1751088000e-02 2.0000000000e+01 1.7750000000e+03
4.1751280000e-02 1.9000000000e+01 1.5700000000e+03
1.6558064000e-02 1.0000000000e+01 1.5624000000e+04
1.6558544000e-02 5.4000000000e+01 4.0960000000e+03
1.6558848000e-02 5.3000000000e+01 2.6360000000e+03
2.0043760000e-02 2.1000000000e+01 2.2381000000e+04
2.0044016000e-02 2.2000000000e+01 7.4550000000e+03
2.2579376000e-02 4.8000000000e+01 2.0040000000e+03
2.3997696000e-02 1.3000000000e+01 1.2750000000e+03
3.7863328000e-02 4.0000000000e+00 4.0672000000e+04
3.7863536000e-02 5.7000000000e+01 1.1620000000e+04
3.7863664000e-02 5.0000000000e+00 1.4300000000e+02
3.7863824000e-02 5.8000000000e+01 4.8370000000e+03
3.7864048000e-02 5.6000000000e+01 3.5370000000e+03
2.2826400000e-03 1.6000000000e+01 2.4454000000e+04
2.2826720000e-03 1.7000000000e+01 9.5130000000e+03
2.2828640000e-03 5.7000000000e+01 7.7830000000e+03
2.2829120000e-03 5.8000000000e+01 7.2600000000e+03
1.0721872000e-02 5.5000000000e+01 9.6180000000e+03
1.0721904000e-02 5.6000000000e+01 8.6950000000e+03
1.0722624000e-02 5.4000000000e+01 1.7400000000e+03
1.0722880000e-02 5.7000000000e+01 1.1670000000e+03
1.9765760000e-02 5.2000000000e+01 5.5880000000e+03
2.2578512000e-02 5.0000000000e+00 7.9850000000e+03
2.2578592000e-02 4.0000000000e+00 6.8750000000e+03
3.9561296000e-02 4.0000000000e+00 3.7200000000e+03
4.8429904000e-02 4.0000000000e+00 1.7330000000e+03
5.4512368000e-02 1.7000000000e+01 1.5720000000e+03
5.9935616000e-02 7.0000000000e+00 1.8820000000e+03
1.0721632000e-02 2.1000000000e+01 2.8069000000e+04
1.0721776000e-02 2.2000000000e+01 1.3631000000e+04
1.0726512000e-02 2.0000000000e+01 4.1180000000e+03
1.2517024000e-02 3.0000000000e+00 5.6830000000e+03
1.3599568000e-02 1.0000000000e+01 2.0110000000e+04
1.3599952000e-02 3.9000000000e+01 5.1200000000e+03
1.3600048000e-02 9.0000000000e+00 2.1930000000e+03
1.3600048000e-02 4.0000000000e+01 4.0250000000e+03
3.2958560000e-02 1.3000000000e+01 1.9000000000e+03
3.7095152000e-02 1.6000000000e+01 4.1170000000e+03
3.9297232000e-02 3.0000000000e+00 1.9950000000e+04
3.9297568000e-02 4.6000000000e+01 4.5720000000e+03
3.9664880000e-02 9.0000000000e+00 3.6647000000e+04
3.9665120000e-02 3.9000000000e+01 1.1853000000e+04
3.9665280000e-02 4.0000000000e+01 5.6210000000e+03
3.9665584000e-02 1.0000000000e+01 1.1590000000e+03
3.9665728000e-02 3.8000000000e+01 2.9520000000e+03
4.4941200000e-02 1.6000000000e+01 1.8510000000e+03
1.6782240000e-03 1.0000000000e+01 2.1560000000e+03
7.5595520000e-03 4.7000000000e+01 1.0391000000e+04
7.5596000000e-03 4.6000000000e+01 5.1460000000e+03
1.9765424000e-02 5.0000000000e+00 2.0024000000e+04
1.9765600000e-02 4.0000000000e+00 7.6330000000e+03
1.9765792000e-02 5.1000000000e+01 5.3200000000e+03
3.3269648000e-02 1.3000000000e+01 1.1250000000e+03
4.7506096000e-02 4.7000000000e+01 7.2630000000e+03
7.5592160000e-03 3.0000000000e+00 2.8821000000e+04
7.5594080000e-03 4.0000000000e+00 1.1579000000e+04
7.5598560000e-03 4.8000000000e+01 3.0510000000e+03
7.5632960000e-03 2.0000000000e+00 5.3560000000e+03
1.2528272000e-02 4.0000000000e+00 2.9520000000e+04
1.2528272000e-02 5.0000000000e+00 1.3563000000e+04
1.2528512000e-02 4.7000000000e+01 1.2556000000e+04
1.2528672000e-02 4.6000000000e+01 4.5900000000e+03
1.3552096000e-02 4.0000000000e+01 5.4420000000e+03
4.7505632000e-02 2.2000000000e+01 2.5424000000e+04
4.7506176000e-02 4.8000000000e+01 4.2030000000e+03
1.1124064000e-02 1.6000000000e+01 1.1733000000e+04
1.2528736000e-02 4.8000000000e+01 4.0230000000e+03
1.3551632000e-02 1.0000000000e+01 4.3665000000e+04
1.3551856000e-02 3.9000000000e+01 1.4636000000e+04
1.3552064000e-02 3.8000000000e+01 6.2710000000e+03
1.3556016000e-02 1.1000000000e+01 6.6710000000e+03
1.1124080000e-02 1.5000000000e+01 1.2199000000e+04
1.1124368000e-02 4.8000000000e+01 5.8920000000e+03
1.1124464000e-02 4.9000000000e+01 4.5200000000e+03
7.0722240000e-03 1.0000000000e+01 1.5190000000e+03
8.6546240000e-03 4.6000000000e+01 3.8750000000e+03
8.6549120000e-03 4.5000000000e+01 2.3870000000e+03
1.8839952000e-02 1.0000000000e+00 1.5380000000e+03
5.7957360000e-02 1.1000000000e+01 1.5890000000e+03
7.7847680000e-03 2.2000000000e+01 3.3038000000e+04
7.7851520000e-03 4.6000000000e+01 5.7800000000e+03
7.7851840000e-03 4.7000000000e+01 8.6140000000e+03
7.7860640000e-03 4.8000000000e+01 1.6890000000e+03
8.6542720000e-03 3.0000000000e+00 2.0458000000e+04
1.1216240000e-02 3.0000000000e+00 4.2420000000e+03
1.3263888000e-02 2.0000000000e+00 1.1740000000e+03
1.8359600000e-02 1.6000000000e+01 1.9788000000e+04
1.8359840000e-02 1.5000000000e+01 4.8950000000e+03
1.8359984000e-02 4.7000000000e+01 7.8170000000e+03
1.8360176000e-02 4.6000000000e+01 3.3070000000e+03
1.8360576000e-02 4.8000000000e+01 1.8570000000e+03
1.8823888000e-02 2.3000000000e+01 9.8450000000e+03
1.8824000000e-02 2.2000000000e+01 6.7260000000e+03
1.8824208000e-02 5.4000000000e+01 4.6780000000e+03
1.8824640000e-02 5.3000000000e+01 2.2880000000e+03
3.8563856000e-02 4.2000000000e+01 1.1635000000e+04
3.8564224000e-02 4.3000000000e+01 3.9650000000e+03
3.8564544000e-02 4.1000000000e+01 2.4150000000e+03
4.2297824000e-02 4.4000000000e+01 9.6100000000e+03
4.2297888000e-02 4.3000000000e+01 7.5040000000e+03
4.9721936000e-02 4.8000000000e+01 1.1708000000e+04
4.9722656000e-02 4.9000000000e+01 2.0150000000e+03
5.5704832000e-02 1.0000000000e+01 1.2260000000e+03
5.7028480000e-02 2.7000000000e+01 1.1280000000e+03
5.8499200000e-02 1.0000000000e+00 8.2800000000e+02
9.8240640000e-03 2.2000000000e+01 2.9233000000e+04
9.8243360000e-03 4.3000000000e+01 8.5810000000e+03
9.8245440000e-03 4.4000000000e+01 4.4670000000e+03
9.8249280000e-03 4.2000000000e+01 2.2340000000e+03
2.0597408000e-02 0.0000000000e+00 1.7950000000e+03
3.8563616000e-02 1.0000000000e+01 3.3856000000e+04
4.2297536000e-02 9.0000000000e+00 3.5309000000e+04
4.5754112000e-02 2.2000000000e+01 4.6180000000e+03
4.9721728000e-02 1.6000000000e+01 3.8710000000e+04
4.9722128000e-02 4.7000000000e+01 8.7990000000e+03
4.9725936000e-02 1.7000000000e+01 5.9600000000e+03
5.9943168000e-02 4.0000000000e+00 1.4230000000e+03
3.7895504000e-02 4.0000000000e+00 1.8321000000e+04
3.7895504000e-02 3.0000000000e+00 1.3499000000e+04
3.7895728000e-02 4.5000000000e+01 6.3760000000e+03
3.7895840000e-02 4.4000000000e+01 5.1700000000e+03
3.9525952000e-02 2.2000000000e+01 3.6862000000e+04
3.9526192000e-02 4.3000000000e+01 1.0096000000e+04
3.9526304000e-02 4.2000000000e+01 5.6710000000e+03
3.9526592000e-02 4.4000000000e+01 3.0540000000e+03
3.9529568000e-02 2.1000000000e+01 4.1780000000e+03
3.9530256000e-02 2.3000000000e+01 5.4170000000e+03
4.4539920000e-02 2.3000000000e+01 1.1378000000e+04
4.4539984000e-02 2.2000000000e+01 1.1587000000e+04
4.4540160000e-02 5.5000000000e+01 7.4150000000e+03
4.4540704000e-02 5.4000000000e+01 2.2620000000e+03
4.4540736000e-02 5.6000000000e+01 2.2990000000e+03
1.0185712000e-02 4.0000000000e+00 1.8435000000e+04
1.0186256000e-02 4.7000000000e+01 4.7680000000e+03
1.0186272000e-02 4.8000000000e+01 2.9470000000e+03
3.7840896000e-02 2.2000000000e+01 4.4170000000e+03
3.9819984000e-02 4.0000000000e+00 1.7450000000e+04
3.9820208000e-02 3.0000000000e+00 4.8470000000e+03
3.9820240000e-02 5.1000000000e+01 5.4210000000e+03
3.9820752000e-02 5.2000000000e+01 2.2340000000e+03
6.4224640000e-03 4.0000000000e+00 7.3710000000e+03
8.9337760000e-03 1.5000000000e+01 5.2840000000e+03
8.9344320000e-03 5.0000000000e+01 2.8500000000e+03
9.9757920000e-03 2.2000000000e+01 6.0940000000e+03
9.9764960000e-03 2.3000000000e+01 9.5500000000e+02
4.0596400000e-02 3.0000000000e+00 1.0377000000e+04
5.3382640000e-02 3.1000000000e+01 1.6760000000e+03
8.9338720000e-03 1.6000000000e+01 4.3010000000e+03
4.0597168000e-02 4.6000000000e+01 2.1500000000e+03
7.1581600000e-03 2.5000000000e+01 3.7524000000e+04
7.1584480000e-03 3.8000000000e+01 9.5270000000e+03
7.1586400000e-03 3.7000000000e+01 4.9000000000e+03
7.1589600000e-03 3.9000000000e+01 2.3870000000e+03
8.3754720000e-03 2.2000000000e+01 1.7000000000e+03
9.2061120000e-03 1.6000000000e+01 1.5360000000e+03
1.0362240000e-02 9.0000000000e+00 2.0070000000e+04
1.0362528000e-02 4.1000000000e+01 6.2220000000e+03
1.0363360000e-02 4.2000000000e+01 1.7850000000e+03
6.5492480000e-03 1.0000000000e+01 8.1510000000e+03
6.8709920000e-03 2.2000000000e+01 3.0224000000e+04
6.8712640000e-03 4.4000000000e+01 7.8860000000e+03
6.8714400000e-03 4.3000000000e+01 4.5060000000e+03
6.8719520000e-03 4.5000000000e+01 1.9940000000e+03
1.0775888000e-02 1.6000000000e+01 4.0288000000e+04
3.8984224000e-02 5.5000000000e+01 2.8540000000e+03
4.2546192000e-02 8.0000000000e+00 1.7060000000e+03
1.0776112000e-02 5.1000000000e+01 1.0536000000e+04
1.0776160000e-02 5.0000000000e+01 1.0776000000e+04
1.0776832000e-02 5.2000000000e+01 2.1970000000e+03
1.0776848000e-02 4.9000000000e+01 2.3880000000e+03
3.8983712000e-02 1.0000000000e+01 9.1310000000e+03
4.0548800000e-02 5.3000000000e+01 2.6790000000e+03
4.0548896000e-02 5.4000000000e+01 2.5220000000e+03
2.2013760000e-03 3.1000000000e+01 3.5780000000e+03
6.4922880000e-03 2.1000000000e+01 3.2360000000e+04
6.4924640000e-03 2.2000000000e+01 6.9290000000e+03
6.4925120000e-03 4.1000000000e+01 1.0017000000e+04
6.4926720000e-03 4.2000000000e+01 5.9870000000e+03
6.4930400000e-03 4.0000000000e+01 2.7970000000e+03
1.0779536000e-02 1.5000000000e+01 4.4950000000e+03
1.6829888000e-02 1.6000000000e+01 6.4080000000e+03
1.6829888000e-02 1.5000000000e+01 5.6780000000e+03
1.6830272000e-02 4.3000000000e+01 3.2360000000e+03
1.6830656000e-02 4.4000000000e+01 1.9820000000e+03
3.6966288000e-02 4.3000000000e+01 3.1580000000e+03
3.6966464000e-02 4.4000000000e+01 2.4350000000e+03
4.0548256000e-02 4.0000000000e+00 1.5162000000e+04
4.5271184000e-02 3.1000000000e+01 1.5840000000e+03
