8.0858880000e-03 3.1000000000e+01 2.4560000000e+03
8.4889440000e-03 5.0000000000e+01 5.0140000000e+03
8.4895040000e-03 5.1000000000e+01 1.6630000000e+03
1.7176736000e-02 3.1000000000e+01 3.1900000000e+02
3.9930000000e-02 2.6000000000e+01 2.8577000000e+04
8.4885280000e-03 2.5000000000e+01 1.8182000000e+04
8.4886400000e-03 2.6000000000e+01 6.6820000000e+03
1.0164224000e-02 1.6000000000e+01 8.5600000000e+02
1.0384528000e-02 2.0000000000e+00 1.3792000000e+04
1.0384768000e-02 1.0000000000e+00 4.8020000000e+03
1.0385152000e-02 4.5000000000e+01 2.7360000000e+03
1.0385344000e-02 4.4000000000e+01 2.1420000000e+03
1.3347584000e-02 1.0000000000e+01 1.4710000000e+03
1.3347648000e-02 1.3000000000e+01 1.1440000000e+03
1.7660928000e-02 2.5000000000e+01 4.6450000000e+03
2.3398448000e-02 8.0000000000e+00 7.5300000000e+02
2.3633472000e-02 3.1000000000e+01 1.8310000000e+03
3.7313328000e-02 7.0000000000e+00 7.1200000000e+03
4.1895536000e-02 2.0000000000e+00 6.6480000000e+03
6.1000480000e-03 1.9000000000e+01 9.7260000000e+03
6.3036640000e-03 2.5000000000e+01 1.7010000000e+03
7.4428640000e-03 5.5000000000e+01 3.1390000000e+03
7.4431520000e-03 5.4000000000e+01 1.7070000000e+03
1.0298336000e-02 1.9000000000e+01 1.7846000000e+04
1.0298960000e-02 4.3000000000e+01 2.6970000000e+03
1.7060096000e-02 1.6000000000e+01 9.5500000000e+02
1.7060224000e-02 1.7000000000e+01 4.4000000000e+02
2.5234688000e-02 3.1000000000e+01 2.6470000000e+03
3.8006880000e-02 4.7000000000e+01 6.2890000000e+03
3.8007008000e-02 4.6000000000e+01 4.6850000000e+03
3.8007520000e-02 4.8000000000e+01 1.4790000000e+03
3.8947008000e-02 5.5000000000e+01 4.7290000000e+03
3.8947184000e-02 5.4000000000e+01 2.8280000000e+03
3.9377616000e-02 5.5000000000e+01 7.2150000000e+03
3.9626240000e-02 2.6000000000e+01 9.6050000000e+03
3.4692480000e-03 3.1000000000e+01 1.5080000000e+03
7.4423040000e-03 1.9000000000e+01 1.8372000000e+04
3.8006496000e-02 1.3000000000e+01 3.4523000000e+04
3.8006880000e-02 1.4000000000e+01 4.3590000000e+03
3.8010864000e-02 1.2000000000e+01 5.5450000000e+03
3.8946560000e-02 1.3000000000e+01 2.0834000000e+04
3.8947232000e-02 1.4000000000e+01 1.9750000000e+03
4.1458736000e-02 2.1000000000e+01 9.9300000000e+02
4.1458928000e-02 1.8000000000e+01 5.3700000000e+02
8.7878240000e-03 1.3000000000e+01 1.0154000000e+04
8.7878400000e-03 1.4000000000e+01 1.2073000000e+04
3.9377328000e-02 2.0000000000e+01 1.6721000000e+04
3.9377392000e-02 1.9000000000e+01 1.8614000000e+04
3.9377792000e-02 5.6000000000e+01 4.2840000000e+03
3.9378448000e-02 5.4000000000e+01 8.2500000000e+02
4.0565824000e-02 1.3000000000e+01 3.4836000000e+04
8.7881600000e-03 5.5000000000e+01 5.0260000000e+03
8.7885440000e-03 5.6000000000e+01 2.0330000000e+03
3.7450272000e-02 2.0000000000e+00 2.2561000000e+04
4.0566208000e-02 4.4000000000e+01 6.3940000000e+03
4.0566608000e-02 4.5000000000e+01 2.4710000000e+03
4.0566672000e-02 4.3000000000e+01 2.4800000000e+03
1.2428448000e-02 2.0000000000e+00 2.3670000000e+03
1.2428640000e-02 1.0000000000e+00 1.5880000000e+03
3.7450752000e-02 4.3000000000e+01 3.8320000000e+03
3.7450928000e-02 4.4000000000e+01 2.6100000000e+03
3.8839376000e-02 8.0000000000e+00 4.3130000000e+03
3.9295040000e-02 1.6000000000e+01 1.2730000000e+03
3.9295136000e-02 1.7000000000e+01 8.9000000000e+02
6.0451680000e-03 1.9000000000e+01 7.6130000000e+03
9.7572320000e-03 1.3000000000e+01 9.7260000000e+03
9.7575200000e-03 1.2000000000e+01 1.7660000000e+03
1.4461664000e-02 1.3000000000e+01 3.2283000000e+04
1.4462096000e-02 3.9000000000e+01 5.5350000000e+03
1.4462368000e-02 4.0000000000e+01 3.1080000000e+03
1.4466112000e-02 1.2000000000e+01 5.1160000000e+03
4.4879376000e-02 1.3000000000e+01 1.6565000000e+04
4.4879936000e-02 4.5000000000e+01 2.6960000000e+03
8.5298400000e-03 2.0000000000e+00 8.1940000000e+03
8.5300320000e-03 1.0000000000e+00 4.6100000000e+03
3.6562272000e-02 1.2000000000e+01 1.0737000000e+04
3.6562320000e-02 1.3000000000e+01 1.1259000000e+04
3.6562672000e-02 4.5000000000e+01 4.4240000000e+03
3.6563200000e-02 4.4000000000e+01 1.6750000000e+03
4.5932976000e-02 7.0000000000e+00 4.8410000000e+03
6.0383200000e-03 2.0000000000e+00 5.2290000000e+03
6.0386240000e-03 1.0000000000e+00 2.1840000000e+03
7.6338560000e-03 2.6000000000e+01 9.7410000000e+03
7.6341760000e-03 2.5000000000e+01 2.7940000000e+03
7.6345760000e-03 5.2000000000e+01 2.0350000000e+03
7.6348640000e-03 5.3000000000e+01 1.1850000000e+03
8.2578400000e-03 1.0000000000e+00 1.4910000000e+04
8.5305600000e-03 4.6000000000e+01 1.8670000000e+03
1.0178944000e-02 4.2000000000e+01 2.7430000000e+03
1.2794944000e-02 1.3000000000e+01 2.4392000000e+04
1.2795392000e-02 5.5000000000e+01 4.1810000000e+03
1.2795584000e-02 5.6000000000e+01 2.9390000000e+03
1.2831248000e-02 4.1000000000e+01 4.7230000000e+03
1.2831392000e-02 4.2000000000e+01 3.3610000000e+03
1.3752800000e-02 1.8000000000e+01 1.3079000000e+04
1.3753360000e-02 1.9000000000e+01 1.2410000000e+03
1.3753424000e-02 5.3000000000e+01 2.5530000000e+03
1.3753696000e-02 5.4000000000e+01 1.6350000000e+03
1.6298096000e-02 3.1000000000e+01 9.2500000000e+02
4.3745520000e-02 5.4000000000e+01 1.9070000000e+03
4.3745840000e-02 5.3000000000e+01 8.9400000000e+02
8.2587520000e-03 3.9000000000e+01 1.4810000000e+03
1.0178320000e-02 2.5000000000e+01 1.4616000000e+04
1.0178800000e-02 2.6000000000e+01 2.0690000000e+03
1.2830784000e-02 1.9000000000e+01 3.2366000000e+04
1.2835520000e-02 1.8000000000e+01 4.2910000000e+03
4.3744720000e-02 2.6000000000e+01 1.2680000000e+04
1.4145488000e-02 3.1000000000e+01 1.6180000000e+03
1.5878384000e-02 8.0000000000e+00 3.9862000000e+04
1.5878720000e-02 4.4000000000e+01 8.2450000000e+03
1.5879040000e-02 4.3000000000e+01 3.5190000000e+03
1.5879168000e-02 4.5000000000e+01 2.4130000000e+03
3.8846720000e-02 2.5000000000e+01 4.0620000000e+03
4.5797344000e-02 1.3000000000e+01 1.8421000000e+04
4.5798032000e-02 4.4000000000e+01 3.0500000000e+03
4.5798256000e-02 4.5000000000e+01 1.8530000000e+03
4.9521568000e-02 4.1000000000e+01 2.9320000000e+03
4.9521808000e-02 4.0000000000e+01 1.9480000000e+03
1.7681648000e-02 3.1000000000e+01 2.9400000000e+02
4.0911184000e-02 5.2000000000e+01 6.5650000000e+03
4.0911360000e-02 5.1000000000e+01 4.0780000000e+03
4.0911568000e-02 5.3000000000e+01 2.6210000000e+03
4.1887664000e-02 1.9000000000e+01 4.6040000000e+03
4.9520848000e-02 2.5000000000e+01 1.9017000000e+04
4.9521248000e-02 2.4000000000e+01 1.2140000000e+03
4.0910800000e-02 2.5000000000e+01 3.3147000000e+04
2.5596704000e-02 1.3000000000e+01 1.8412000000e+04
2.5596736000e-02 1.2000000000e+01 1.0094000000e+04
3.6039440000e-02 2.5000000000e+01 8.1320000000e+03
4.3482912000e-02 9.0000000000e+00 3.0114000000e+04
4.4016432000e-02 2.0000000000e+00 2.7963000000e+04
4.4016928000e-02 4.0000000000e+01 3.4650000000e+03
4.4016960000e-02 4.1000000000e+01 3.1870000000e+03
5.0410864000e-02 3.1000000000e+01 1.5000000000e+03
9.6624960000e-03 2.5000000000e+01 5.3890000000e+03
1.4369600000e-02 8.0000000000e+00 2.8730000000e+04
1.4369984000e-02 4.8000000000e+01 5.2370000000e+03
1.4370384000e-02 4.9000000000e+01 2.2060000000e+03
2.5597120000e-02 4.3000000000e+01 5.3870000000e+03
2.5597536000e-02 4.4000000000e+01 2.3450000000e+03
2.5597616000e-02 4.2000000000e+01 1.6340000000e+03
3.9403888000e-02 7.0000000000e+00 6.7770000000e+03
4.3483296000e-02 4.4000000000e+01 6.6890000000e+03
4.3483392000e-02 4.5000000000e+01 4.3670000000e+03
4.3484128000e-02 4.3000000000e+01 1.0020000000e+03
1.1859008000e-02 1.0000000000e+00 3.9770000000e+03
1.1859632000e-02 2.0000000000e+00 8.2700000000e+02
1.0332176000e-02 7.0000000000e+00 4.4870000000e+03
3.6931984000e-02 1.3000000000e+01 2.6061000000e+04
3.6932528000e-02 4.2000000000e+01 3.4330000000e+03
3.6932640000e-02 4.1000000000e+01 2.8280000000e+03
3.9018000000e-02 1.0000000000e+00 1.2009000000e+04
4.0487168000e-02 3.1000000000e+01 1.7290000000e+03
9.0891840000e-03 8.0000000000e+00 2.1520000000e+04
9.0896000000e-03 5.1000000000e+01 4.4430000000e+03
1.1602784000e-02 1.3000000000e+01 1.9188000000e+04
3.6221600000e-02 2.6000000000e+01 3.2203000000e+04
3.6222048000e-02 4.0000000000e+01 4.7650000000e+03
3.6222416000e-02 4.1000000000e+01 2.1250000000e+03
3.6222448000e-02 3.9000000000e+01 2.0140000000e+03
3.9018752000e-02 4.7000000000e+01 2.1810000000e+03
3.9018912000e-02 4.8000000000e+01 1.4750000000e+03
4.2840576000e-02 1.3000000000e+01 2.0138000000e+04
5.3820704000e-02 2.5000000000e+01 3.8040000000e+03
4.0427200000e-04 3.1000000000e+01 2.1180000000e+03
1.1603408000e-02 4.6000000000e+01 3.0660000000e+03
1.1603776000e-02 4.5000000000e+01 1.3720000000e+03
3.7570560000e-02 1.3000000000e+01 1.6709000000e+04
4.2841280000e-02 4.3000000000e+01 2.8550000000e+03
4.2841744000e-02 4.4000000000e+01 1.1580000000e+03
1.3162736000e-02 1.6000000000e+01 9.4600000000e+02
2.1802480000e-02 1.6000000000e+01 1.4870000000e+03
2.1802688000e-02 1.7000000000e+01 6.7300000000e+02
3.6314624000e-02 1.8000000000e+01 1.9780000000e+04
3.6314656000e-02 1.9000000000e+01 2.7845000000e+04
3.6314912000e-02 4.9000000000e+01 8.8640000000e+03
3.6315168000e-02 5.0000000000e+01 4.6370000000e+03
3.6315280000e-02 4.8000000000e+01 3.1640000000e+03
3.7571120000e-02 4.3000000000e+01 2.7640000000e+03
6.9466880000e-03 2.0000000000e+00 1.7525000000e+04
6.9472320000e-03 4.7000000000e+01 2.6750000000e+03
6.9474240000e-03 4.8000000000e+01 1.7330000000e+03
1.0548960000e-02 4.6000000000e+01 4.1680000000e+03
1.0549872000e-02 4.7000000000e+01 4.8600000000e+02
2.1264448000e-02 1.6000000000e+01 9.7300000000e+02
2.6778432000e-02 3.1000000000e+01 1.6300000000e+03
4.4616624000e-02 1.9000000000e+01 3.4130000000e+04
4.4617072000e-02 3.8000000000e+01 5.4330000000e+03
4.4617312000e-02 3.7000000000e+01 3.3160000000e+03
4.4621328000e-02 1.8000000000e+01 4.3650000000e+03
1.0548608000e-02 2.5000000000e+01 1.1378000000e+04
1.0548672000e-02 2.6000000000e+01 1.0988000000e+04
3.8837952000e-02 1.9000000000e+01 7.0690000000e+03
9.2282880000e-03 4.8000000000e+01 1.9150000000e+03
9.2286080000e-03 4.9000000000e+01 9.6900000000e+02
1.1490336000e-02 1.3000000000e+01 5.8390000000e+03
3.7538592000e-02 2.5000000000e+01 1.9504000000e+04
3.7539120000e-02 4.1000000000e+01 3.5840000000e+03
3.7539760000e-02 4.0000000000e+01 9.5000000000e+02
5.0198000000e-02 3.1000000000e+01 1.9130000000e+03
9.2276000000e-03 1.3000000000e+01 1.1422000000e+04
9.2279520000e-03 1.2000000000e+01 1.3430000000e+03
1.0240048000e-02 8.0000000000e+00 1.3059000000e+04
1.0712544000e-02 4.5000000000e+01 5.5290000000e+03
1.0712912000e-02 4.6000000000e+01 2.6150000000e+03
1.0713056000e-02 4.4000000000e+01 2.0110000000e+03
1.4979536000e-02 2.6000000000e+01 2.0930000000e+03
1.4979552000e-02 2.5000000000e+01 2.1280000000e+03
4.7288368000e-02 8.0000000000e+00 4.0660000000e+03
1.0239984000e-02 7.0000000000e+00 1.7743000000e+04
1.0240224000e-02 4.4000000000e+01 6.8330000000e+03
1.0240576000e-02 4.5000000000e+01 2.3550000000e+03
1.0240640000e-02 4.3000000000e+01 2.6210000000e+03
1.0712192000e-02 2.4000000000e+01 1.6182000000e+04
1.0712240000e-02 2.5000000000e+01 1.3406000000e+04
4.2329536000e-02 1.3000000000e+01 1.3338000000e+04
4.7284480000e-02 7.0000000000e+00 3.7018000000e+04
4.7284752000e-02 4.7000000000e+01 9.3980000000e+03
4.7284960000e-02 4.6000000000e+01 5.2170000000e+03
4.7285344000e-02 4.8000000000e+01 2.0880000000e+03
4.2950400000e-04 4.2000000000e+01 2.0900000000e+03
4.2974400000e-04 4.3000000000e+01 1.3880000000e+03
1.5770848000e-02 7.0000000000e+00 2.3252000000e+04
1.5771200000e-02 5.0000000000e+01 5.9720000000e+03
1.5771552000e-02 4.9000000000e+01 2.8640000000e+03
4.2884800000e-04 7.0000000000e+00 1.0398000000e+04
6.9758560000e-03 2.0000000000e+00 1.8967000000e+04
6.9762720000e-03 1.0000000000e+00 3.3900000000e+03
1.3951856000e-02 2.0000000000e+00 2.3848000000e+04
1.3952864000e-02 1.0000000000e+00 3.0100000000e+02
3.6808640000e-02 1.3000000000e+01 2.2180000000e+03
4.6971648000e-02 3.1000000000e+01 1.6180000000e+03
6.9763040000e-03 4.7000000000e+01 3.5430000000e+03
6.9765440000e-03 4.6000000000e+01 2.1580000000e+03
1.3952336000e-02 5.8000000000e+01 4.3210000000e+03
1.3952768000e-02 5.9000000000e+01 2.0090000000e+03
1.3952832000e-02 5.7000000000e+01 1.7390000000e+03
4.3019568000e-02 2.6000000000e+01 3.7910000000e+03
4.3019776000e-02 2.5000000000e+01 2.1610000000e+03
3.7144608000e-02 3.1000000000e+01 1.1510000000e+03
4.1146912000e-02 7.0000000000e+00 2.1570000000e+04
4.1146944000e-02 8.0000000000e+00 9.7370000000e+03
4.1147200000e-02 3.3000000000e+01 6.7670000000e+03
4.1147616000e-02 3.4000000000e+01 2.6390000000e+03
4.1148016000e-02 3.2000000000e+01 1.4330000000e+03
8.7341120000e-03 8.0000000000e+00 2.5082000000e+04
8.7346560000e-03 3.8000000000e+01 4.4030000000e+03
8.7348640000e-03 3.9000000000e+01 2.8080000000e+03
1.1312576000e-02 3.1000000000e+01 8.6000000000e+02
1.8192208000e-02 2.6000000000e+01 1.2840000000e+04
3.8999376000e-02 1.9000000000e+01 3.8610000000e+03
6.7570240000e-03 2.0000000000e+01 3.1602000000e+04
6.7573440000e-03 3.9000000000e+01 7.0200000000e+03
6.7573760000e-03 1.9000000000e+01 4.7860000000e+03
6.7577120000e-03 4.0000000000e+01 3.1350000000e+03
6.7580480000e-03 3.8000000000e+01 1.7720000000e+03
8.6025280000e-03 7.0000000000e+00 1.9185000000e+04
8.6028640000e-03 4.7000000000e+01 5.5660000000e+03
8.6029280000e-03 8.0000000000e+00 2.1620000000e+03
8.6034560000e-03 4.6000000000e+01 1.6290000000e+03
1.6832192000e-02 4.3000000000e+01 2.7340000000e+03
1.8192832000e-02 5.4000000000e+01 2.6410000000e+03
3.7064176000e-02 8.0000000000e+00 1.4136000000e+04
3.7064864000e-02 4.6000000000e+01 2.7370000000e+03
4.4663168000e-02 1.9000000000e+01 3.7160000000e+03
4.6814304000e-02 4.3000000000e+01 4.1200000000e+03
8.6036320000e-03 4.8000000000e+01 1.0260000000e+03
1.1217200000e-02 2.5000000000e+01 3.2657000000e+04
1.1217568000e-02 5.2000000000e+01 7.3990000000e+03
1.1218032000e-02 5.1000000000e+01 2.6300000000e+03
1.1218032000e-02 5.3000000000e+01 2.6500000000e+03
1.2812176000e-02 3.1000000000e+01 9.3200000000e+02
1.6831600000e-02 1.9000000000e+01 1.6650000000e+04
5.4398864000e-02 3.1000000000e+01 2.8030000000e+03
9.2285440000e-03 5.2000000000e+01 1.5510000000e+03
1.0080752000e-02 5.2000000000e+01 3.0000000000e+03
1.0080784000e-02 5.3000000000e+01 2.5530000000e+03
4.6813728000e-02 2.6000000000e+01 2.7727000000e+04
4.6814336000e-02 4.4000000000e+01 3.7350000000e+03
7.0732800000e-03 1.5000000000e+01 1.2310000000e+03
7.0733760000e-03 1.2000000000e+01 8.4500000000e+02
9.2277600000e-03 2.5000000000e+01 7.9970000000e+03
1.0080240000e-02 1.9000000000e+01 1.8387000000e+04
1.0873168000e-02 2.1000000000e+01 8.5400000000e+02
3.8620912000e-02 1.3000000000e+01 3.3130000000e+03
3.8621264000e-02 1.4000000000e+01 1.4070000000e+03
3.8938256000e-02 2.5000000000e+01 1.5835000000e+04
3.8938768000e-02 2.4000000000e+01 8.6800000000e+02
3.8939088000e-02 4.4000000000e+01 2.1670000000e+03
3.8939104000e-02 4.3000000000e+01 2.1040000000e+03
4.3110912000e-02 3.1000000000e+01 1.7600000000e+03
4.3761984000e-02 1.5000000000e+01 8.5600000000e+02
4.3762096000e-02 1.2000000000e+01 4.7800000000e+02
9.1132480000e-03 2.6000000000e+01 8.1670000000e+03
9.1136960000e-03 2.5000000000e+01 2.2440000000e+03
9.1144960000e-03 3.8000000000e+01 8.8900000000e+02
1.0014960000e-02 2.0000000000e+01 2.6353000000e+04
1.0015184000e-02 1.9000000000e+01 6.9690000000e+03
1.0015360000e-02 4.3000000000e+01 6.2330000000e+03
1.0015696000e-02 4.2000000000e+01 2.7360000000e+03
1.0015840000e-02 4.4000000000e+01 2.3280000000e+03
1.2545440000e-02 2.0000000000e+00 1.7818000000e+04
1.2545984000e-02 4.7000000000e+01 3.1220000000e+03
1.2546336000e-02 4.8000000000e+01 1.5670000000e+03
6.7570560000e-03 4.1000000000e+01 2.7530000000e+03
9.2040160000e-03 7.0000000000e+00 1.4940000000e+04
9.2044480000e-03 5.2000000000e+01 4.2730000000e+03
9.2045440000e-03 5.3000000000e+01 3.3070000000e+03
1.6898848000e-02 4.3000000000e+01 6.1510000000e+03
1.6899136000e-02 4.4000000000e+01 3.0170000000e+03
1.6899520000e-02 4.2000000000e+01 1.1370000000e+03
4.0395920000e-02 4.7000000000e+01 2.6330000000e+03
6.7564480000e-03 1.0000000000e+00 1.2816000000e+04
6.7568320000e-03 2.0000000000e+00 3.5520000000e+03
8.4828320000e-03 1.3000000000e+01 2.8520000000e+04
8.4838240000e-03 4.8000000000e+01 1.7530000000e+03
1.6898464000e-02 2.5000000000e+01 2.8948000000e+04
3.7737840000e-02 1.9000000000e+01 2.8476000000e+04
3.7738304000e-02 4.2000000000e+01 4.1420000000e+03
3.7738448000e-02 4.1000000000e+01 3.0370000000e+03
3.9076864000e-02 7.0000000000e+00 2.8180000000e+03
4.0395232000e-02 2.5000000000e+01 1.5419000000e+04
4.4289792000e-02 2.5000000000e+01 5.7790000000e+03
5.1020448000e-02 1.9000000000e+01 1.9732000000e+04
8.4832640000e-03 4.7000000000e+01 5.4500000000e+03
1.3400064000e-02 1.9000000000e+01 1.0098000000e+04
3.8644288000e-02 2.3000000000e+01 1.7870000000e+03
5.1021120000e-02 4.6000000000e+01 3.1180000000e+03
5.1021728000e-02 4.7000000000e+01 8.6400000000e+02
7.7057920000e-03 1.9000000000e+01 3.7004000000e+04
7.7102560000e-03 1.8000000000e+01 5.5310000000e+03
1.3401168000e-02 4.7000000000e+01 5.1300000000e+02
3.2219456000e-02 3.1000000000e+01 1.4080000000e+03
4.3115776000e-02 2.6000000000e+01 2.5276000000e+04
4.3115920000e-02 2.5000000000e+01 9.9510000000e+03
4.3116096000e-02 4.4000000000e+01 5.9350000000e+03
4.3116464000e-02 4.3000000000e+01 2.6420000000e+03
4.3116512000e-02 4.5000000000e+01 2.0340000000e+03
4.7038240000e-02 2.0000000000e+01 1.5642000000e+04
7.7062720000e-03 4.2000000000e+01 5.3630000000e+03
7.7063040000e-03 4.3000000000e+01 5.2290000000e+03
7.8300800000e-03 1.4000000000e+01 1.1647000000e+04
7.8302560000e-03 1.3000000000e+01 6.1100000000e+03
7.8307360000e-03 3.9000000000e+01 2.9060000000e+03
7.8311840000e-03 4.0000000000e+01 1.3670000000e+03
7.9077280000e-03 2.0000000000e+00 1.4085000000e+04
7.9085120000e-03 3.9000000000e+01 1.8650000000e+03
1.4298304000e-02 0.0000000000e+00 1.9803000000e+04
1.5857472000e-02 1.4000000000e+01 4.1133000000e+04
1.5857824000e-02 4.5000000000e+01 7.6730000000e+03
1.5858016000e-02 4.6000000000e+01 5.0250000000e+03
1.5858272000e-02 4.4000000000e+01 2.8610000000e+03
1.5860768000e-02 1.3000000000e+01 5.2700000000e+03
3.8932720000e-02 2.8000000000e+01 2.7700000000e+02
4.0155264000e-02 2.0000000000e+01 1.6184000000e+04
4.7038832000e-02 5.0000000000e+01 2.8200000000e+03
5.3991680000e-02 3.1000000000e+01 2.1030000000e+03
7.9085920000e-03 4.0000000000e+01 1.6080000000e+03
1.4299248000e-02 4.5000000000e+01 1.5000000000e+03
4.3993728000e-02 2.5000000000e+01 1.5368000000e+04
4.3994368000e-02 4.7000000000e+01 2.6020000000e+03
4.4028752000e-02 3.1000000000e+01 1.1950000000e+03
1.4354272000e-02 8.0000000000e+00 1.6336000000e+04
1.4354864000e-02 5.2000000000e+01 2.7760000000e+03
1.4355008000e-02 5.3000000000e+01 2.0060000000e+03
2.8810160000e-02 5.1000000000e+01 3.4680000000e+03
2.8810528000e-02 5.2000000000e+01 1.7410000000e+03
3.6270976000e-02 3.1000000000e+01 1.2160000000e+03
3.7987488000e-02 1.5000000000e+01 5.3200000000e+02
3.9858496000e-02 5.0000000000e+01 5.1000000000e+02
4.0155264000e-02 1.9000000000e+01 2.1186000000e+04
4.0155488000e-02 4.5000000000e+01 6.5750000000e+03
4.0155744000e-02 4.6000000000e+01 3.1490000000e+03
4.0155888000e-02 4.4000000000e+01 2.3460000000e+03
4.0690656000e-02 2.1000000000e+01 3.4170000000e+04
4.0691040000e-02 4.5000000000e+01 5.3670000000e+03
4.0691264000e-02 4.6000000000e+01 3.3760000000e+03
4.0691584000e-02 4.4000000000e+01 1.7490000000e+03
4.0695360000e-02 2.0000000000e+01 4.2680000000e+03
9.6715040000e-03 3.1000000000e+01 2.4300000000e+02
2.8809680000e-02 1.0000000000e+01 1.9047000000e+04
3.9857168000e-02 1.3000000000e+01 8.5570000000e+03
7.6457280000e-03 1.4000000000e+01 8.5990000000e+03
4.0275104000e-02 2.0000000000e+00 6.3520000000e+03
4.0275104000e-02 1.0000000000e+00 5.6900000000e+03
4.4164528000e-02 1.4000000000e+01 9.5250000000e+03
4.4164688000e-02 1.3000000000e+01 5.0670000000e+03
4.4165184000e-02 4.8000000000e+01 1.9910000000e+03
4.4165216000e-02 4.7000000000e+01 2.0110000000e+03
8.0469120000e-03 8.0000000000e+00 7.8770000000e+03
1.1166464000e-02 2.5000000000e+01 1.4273000000e+04
1.1167536000e-02 4.7000000000e+01 1.1910000000e+03
2.7588560000e-02 3.1000000000e+01 1.0370000000e+03
3.6496176000e-02 1.3000000000e+01 5.7220000000e+03
3.7421328000e-02 1.3000000000e+01 5.4800000000e+03
3.8369264000e-02 8.0000000000e+00 1.2657000000e+04
4.0275904000e-02 5.2000000000e+01 1.5180000000e+03
4.0276048000e-02 5.3000000000e+01 9.8700000000e+02
8.0472640000e-03 7.0000000000e+00 3.0990000000e+03
8.0476480000e-03 4.5000000000e+01 2.0560000000e+03
8.1882400000e-03 2.4000000000e+01 2.1343000000e+04
8.1884640000e-03 2.3000000000e+01 4.1090000000e+03
8.1885760000e-03 5.4000000000e+01 6.7480000000e+03
8.1885760000e-03 2.5000000000e+01 2.5020000000e+03
8.1889280000e-03 5.3000000000e+01 2.9190000000e+03
8.1892800000e-03 5.5000000000e+01 1.3720000000e+03
9.1272160000e-03 7.0000000000e+00 4.6980000000e+03
3.9993632000e-02 2.4000000000e+01 2.7211000000e+04
3.9993760000e-02 2.5000000000e+01 9.7580000000e+03
4.1463184000e-02 1.9000000000e+01 2.4627000000e+04
4.1463648000e-02 4.9000000000e+01 4.6300000000e+03
4.1464000000e-02 4.8000000000e+01 2.2850000000e+03
1.3597344000e-02 1.9000000000e+01 4.8550000000e+03
3.6362656000e-02 2.5000000000e+01 6.0570000000e+03
3.9994048000e-02 5.0000000000e+01 6.0350000000e+03
3.9994096000e-02 5.1000000000e+01 5.2470000000e+03
6.7731680000e-03 2.5000000000e+01 2.6576000000e+04
6.7733120000e-03 2.4000000000e+01 5.3890000000e+03
6.7734880000e-03 5.2000000000e+01 6.7190000000e+03
6.7737280000e-03 5.1000000000e+01 3.3310000000e+03
6.7738880000e-03 5.3000000000e+01 2.1520000000e+03
3.6469360000e-02 5.4000000000e+01 4.1720000000e+03
3.6469360000e-02 5.3000000000e+01 4.1970000000e+03
4.0737872000e-02 2.5000000000e+01 2.7931000000e+04
4.0738352000e-02 4.4000000000e+01 4.7690000000e+03
4.0738928000e-02 4.3000000000e+01 1.7360000000e+03
4.0739024000e-02 4.5000000000e+01 1.1670000000e+03
