3.1000000000e+01 -1.0000000000e+00 7.3270000000e-03 1.2710000000e+03 0.0000000000e+00 1.0000000000e+00 0.0000000000e+00
5.0000000000e+00 -1.0000000000e+00 3.6886000000e-02 2.4630000000e+03 0.0000000000e+00 1.0000000000e+00 0.0000000000e+00
2.3000000000e+01 -1.0000000000e+00 3.9937000000e-02 9.0300000000e+02 0.0000000000e+00 1.0000000000e+00 0.0000000000e+00
1.7000000000e+01 -1.0000000000e+00 4.3142000000e-02 8.1420000000e+03 0.0000000000e+00 1.0000000000e+00 0.0000000000e+00
9.8600000000e+00 9.0000000000e+00 9.6260000000e-03 2.0678000000e+04 4.1860000000e+03 2.0000000000e+00 1.0000000000e+00
4.8000000000e+00 -1.0000000000e+00 3.6070000000e-02 3.5858000000e+04 0.0000000000e+00 2.0000000000e+00 0.0000000000e+00
5.0000000000e+00 -1.0000000000e+00 4.1417000000e-02 1.0119000000e+04 0.0000000000e+00 1.0000000000e+00 0.0000000000e+00
1.0520000000e+01 -1.0000000000e+00 8.9130000000e-03 1.0925000000e+04 0.0000000000e+00 2.0000000000e+00 0.0000000000e+00
2.2660000000e+01 1.4240000000e+01 9.3340000000e-03 1.9751000000e+04 5.7820000000e+03 2.0000000000e+00 2.0000000000e+00
2.3000000000e+01 -1.0000000000e+00 4.4426000000e-02 2.0550000000e+04 0.0000000000e+00 1.0000000000e+00 0.0000000000e+00
2.3000000000e+01 -1.0000000000e+00 3.8145000000e-02 8.4200000000e+03 0.0000000000e+00 1.0000000000e+00 0.0000000000e+00
2.2000000000e+01 -1.0000000000e+00 1.7178000000e-02 6.1350000000e+03 0.0000000000e+00 1.0000000000e+00 0.0000000000e+00
1.1000000000e+01 -1.0000000000e+00 3.8513000000e-02 7.8590000000e+03 0.0000000000e+00 1.0000000000e+00 0.0000000000e+00
2.2930000000e+01 2.1710000000e+01 4.0970000000e-02 2.9548000000e+04 8.9640000000e+03 2.0000000000e+00 2.0000000000e+00
1.7000000000e+01 -1.0000000000e+00 1.2175000000e-02 3.3099000000e+04 0.0000000000e+00 1.0000000000e+00 0.0000000000e+00
1.0000000000e+01 1.9000000000e+01 1.5775000000e-02 1.8605000000e+04 3.3980000000e+03 1.0000000000e+00 1.0000000000e+00
2.9000000000e+01 -1.0000000000e+00 3.8324000000e-02 1.5117000000e+04 0.0000000000e+00 1.0000000000e+00 0.0000000000e+00
4.0000000000e+00 7.0000000000e+00 4.1239000000e-02 2.9638000000e+04 4.3990000000e+03 1.0000000000e+00 1.0000000000e+00
5.0000000000e+00 -1.0000000000e+00 4.4459000000e-02 2.8831000000e+04 0.0000000000e+00 1.0000000000e+00 0.0000000000e+00
1.7000000000e+01 2.4000000000e+01 4.7900000000e-02 1.3590000000e+04 2.9170000000e+03 1.0000000000e+00 1.0000000000e+00
2.7000000000e+01 -1.0000000000e+00 1.4704000000e-02 1.4424000000e+04 0.0000000000e+00 1.0000000000e+00 0.0000000000e+00
4.7700000000e+00 8.0000000000e+00 1.5665000000e-02 1.5194000000e+04 2.1040000000e+03 2.0000000000e+00 1.0000000000e+00
2.3000000000e+01 -1.0000000000e+00 3.7337000000e-02 3.6789000000e+04 0.0000000000e+00 1.0000000000e+00 0.0000000000e+00
2.2890000000e+01 -1.0000000000e+00 6.3420000000e-03 3.1942000000e+04 0.0000000000e+00 2.0000000000e+00 0.0000000000e+00
2.4000000000e+01 1.7480000000e+01 1.0372000000e-02 2.3844000000e+04 5.7080000000e+03 1.0000000000e+00 2.0000000000e+00
1.6000000000e+01 -1.0000000000e+00 3.7152000000e-02 2.0824000000e+04 0.0000000000e+00 1.0000000000e+00 0.0000000000e+00
3.1000000000e+01 -1.0000000000e+00 3.8865000000e-02 6.2500000000e+02 0.0000000000e+00 1.0000000000e+00 0.0000000000e+00
1.3000000000e+01 8.0000000000e+00 4.1070000000e-02 1.5492000000e+04 2.6790000000e+03 1.0000000000e+00 1.0000000000e+00
2.9500000000e+01 8.6100000000e+00 7.5910000000e-03 2.4048000000e+04 7.1850000000e+03 2.0000000000e+00 2.0000000000e+00
2.3000000000e+01 -1.0000000000e+00 1.3011000000e-02 6.9810000000e+03 0.0000000000e+00 1.0000000000e+00 0.0000000000e+00
1.0000000000e+01 7.7600000000e+00 4.5155000000e-02 2.0872000000e+04 4.7190000000e+03 1.0000000000e+00 2.0000000000e+00
2.4020000000e+01 -1.0000000000e+00 5.0829000000e-02 3.1206000000e+04 0.0000000000e+00 3.0000000000e+00 0.0000000000e+00
0.0000000000e+00 1.6000000000e+01 4.2154000000e-02 2.7678000000e+04 1.4860000000e+03 1.0000000000e+00 1.0000000000e+00
5.0000000000e+00 1.4160000000e+01 1.0094000000e-02 1.5337000000e+04 3.0320000000e+03 1.0000000000e+00 2.0000000000e+00
3.1000000000e+01 -1.0000000000e+00 2.3395000000e-02 1.8270000000e+03 0.0000000000e+00 1.0000000000e+00 0.0000000000e+00
1.1000000000e+01 -1.0000000000e+00 3.9325000000e-02 5.0420000000e+03 0.0000000000e+00 1.0000000000e+00 0.0000000000e+00
2.9460000000e+01 1.3110000000e+01 9.7710000000e-03 3.1398000000e+04 1.0576000000e+04 2.0000000000e+00 3.0000000000e+00
1.0150000000e+01 -1.0000000000e+00 1.2759000000e-02 2.6714000000e+04 0.0000000000e+00 2.0000000000e+00 0.0000000000e+00
3.1000000000e+01 -1.0000000000e+00 4.8387000000e-02 2.0980000000e+03 0.0000000000e+00 1.0000000000e+00 0.0000000000e+00
2.3840000000e+01 -1.0000000000e+00 1.2144000000e-02 1.7683000000e+04 0.0000000000e+00 2.0000000000e+00 0.0000000000e+00
2.3000000000e+01 -1.0000000000e+00 4.4080000000e-02 7.6580000000e+03 0.0000000000e+00 1.0000000000e+00 0.0000000000e+00
2.3000000000e+01 -1.0000000000e+00 8.1680000000e-03 2.5267000000e+04 0.0000000000e+00 1.0000000000e+00 0.0000000000e+00
8.0000000000e+00 -1.0000000000e+00 3.8798000000e-02 2.5860000000e+03 0.0000000000e+00 1.0000000000e+00 0.0000000000e+00
1.1440000000e+01 1.6660000000e+01 3.9502000000e-02 3.3548000000e+04 1.0735000000e+04 2.0000000000e+00 2.0000000000e+00
1.1000000000e+01 -1.0000000000e+00 4.1911000000e-02 1.8393000000e+04 0.0000000000e+00 1.0000000000e+00 0.0000000000e+00
2.0000000000e+00 -1.0000000000e+00 2.1540000000e-02 6.0100000000e+02 0.0000000000e+00 1.0000000000e+00 0.0000000000e+00
1.1000000000e+01 -1.0000000000e+00 3.9082000000e-02 2.9037000000e+04 0.0000000000e+00 1.0000000000e+00 0.0000000000e+00
9.5300000000e+00 -1.0000000000e+00 9.0880000000e-03 3.6340000000e+04 0.0000000000e+00 2.0000000000e+00 0.0000000000e+00
1.0000000000e+00 -1.0000000000e+00 1.6272000000e-02 3.0200000000e+02 0.0000000000e+00 1.0000000000e+00 0.0000000000e+00
2.1000000000e+01 -1.0000000000e+00 5.2243000000e-02 5.7100000000e+02 0.0000000000e+00 1.0000000000e+00 0.0000000000e+00
3.1000000000e+01 -1.0000000000e+00 2.2091000000e-02 1.9870000000e+03 0.0000000000e+00 1.0000000000e+00 0.0000000000e+00
1.7000000000e+01 -1.0000000000e+00 4.1431000000e-02 2.0256000000e+04 0.0000000000e+00 1.0000000000e+00 0.0000000000e+00
1.0290000000e+01 9.0000000000e+00 4.5104000000e-02 3.1399000000e+04 4.2730000000e+03 2.0000000000e+00 1.0000000000e+00
2.2980000000e+01 -1.0000000000e+00 9.3070000000e-03 3.6025000000e+04 0.0000000000e+00 2.0000000000e+00 0.0000000000e+00
1.6000000000e+01 -1.0000000000e+00 4.1685000000e-02 1.7108000000e+04 0.0000000000e+00 1.0000000000e+00 0.0000000000e+00
1.5000000000e+01 1.2660000000e+01 4.1685000000e-02 1.3109000000e+04 9.0030000000e+03 1.0000000000e+00 2.0000000000e+00
3.1000000000e+01 -1.0000000000e+00 4.2864000000e-02 2.9600000000e+03 0.0000000000e+00 1.0000000000e+00 0.0000000000e+00
1.0580000000e+01 1.3410000000e+01 8.5300000000e-03 4.2501000000e+04 1.4907000000e+04 2.0000000000e+00 4.0000000000e+00
1.1000000000e+01 -1.0000000000e+00 8.7890000000e-03 3.2987000000e+04 0.0000000000e+00 1.0000000000e+00 0.0000000000e+00
1.0000000000e+01 -1.0000000000e+00 8.7930000000e-03 4.7690000000e+03 0.0000000000e+00 1.0000000000e+00 0.0000000000e+00
2.3000000000e+01 1.1000000000e+01 1.1723000000e-02 2.0138000000e+04 3.5760000000e+03 1.0000000000e+00 1.0000000000e+00
3.1000000000e+01 -1.0000000000e+00 1.2260000000e-02 3.0390000000e+03 0.0000000000e+00 1.0000000000e+00 0.0000000000e+00
1.8000000000e+01 -1.0000000000e+00 3.8424000000e-02 2.1481000000e+04 0.0000000000e+00 1.0000000000e+00 0.0000000000e+00
1.6990000000e+01 -1.0000000000e+00 7.2560000000e-03 3.3718000000e+04 0.0000000000e+00 2.0000000000e+00 0.0000000000e+00
1.6960000000e+01 -1.0000000000e+00 3.9824000000e-02 2.9955000000e+04 0.0000000000e+00 2.0000000000e+00 0.0000000000e+00
1.1150000000e+01 1.6000000000e+01 7.8060000000e-03 3.7724000000e+04 6.6060000000e+03 2.0000000000e+00 1.0000000000e+00
1.0000000000e+01 -1.0000000000e+00 7.8110000000e-03 4.3860000000e+03 0.0000000000e+00 1.0000000000e+00 0.0000000000e+00
5.0000000000e+00 -1.0000000000e+00 9.2600000000e-03 7.8920000000e+03 0.0000000000e+00 1.0000000000e+00 0.0000000000e+00
1.7000000000e+01 -1.0000000000e+00 1.7524000000e-02 6.0680000000e+03 0.0000000000e+00 1.0000000000e+00 0.0000000000e+00
2.8620000000e+01 1.3160000000e+01 5.0166000000e-02 3.5448000000e+04 1.1770000000e+04 2.0000000000e+00 3.0000000000e+00
2.2090000000e+01 1.4660000000e+01 8.6370000000e-03 3.4937000000e+04 1.1095000000e+04 2.0000000000e+00 2.0000000000e+00
2.2460000000e+01 8.0000000000e+00 1.5439000000e-02 1.9628000000e+04 2.5130000000e+03 2.0000000000e+00 1.0000000000e+00
3.1000000000e+01 -1.0000000000e+00 4.5085000000e-02 2.6290000000e+03 0.0000000000e+00 1.0000000000e+00 0.0000000000e+00
2.9000000000e+01 -1.0000000000e+00 1.1710000000e-02 1.9765000000e+04 0.0000000000e+00 1.0000000000e+00 0.0000000000e+00
4.0000000000e+00 -1.0000000000e+00 3.6949000000e-02 1.1356000000e+04 0.0000000000e+00 1.0000000000e+00 0.0000000000e+00
5.0000000000e+00 -1.0000000000e+00 3.8004000000e-02 1.2000000000e+04 0.0000000000e+00 1.0000000000e+00 0.0000000000e+00
5.0000000000e+00 -1.0000000000e+00 4.1868000000e-02 2.0741000000e+04 0.0000000000e+00 1.0000000000e+00 0.0000000000e+00
3.1000000000e+01 -1.0000000000e+00 4.3066000000e-02 1.6300000000e+03 0.0000000000e+00 1.0000000000e+00 0.0000000000e+00
5.0000000000e+00 -1.0000000000e+00 3.1410000000e-03 6.2160000000e+03 0.0000000000e+00 1.0000000000e+00 0.0000000000e+00
2.3000000000e+01 -1.0000000000e+00 8.1880000000e-03 1.2443000000e+04 0.0000000000e+00 1.0000000000e+00 0.0000000000e+00
0.0000000000e+00 -1.0000000000e+00 1.2363000000e-02 9.8970000000e+03 0.0000000000e+00 1.0000000000e+00 0.0000000000e+00
2.3000000000e+01 7.0000000000e+00 1.3497000000e-02 7.4270000000e+03 4.1570000000e+03 1.0000000000e+00 1.0000000000e+00
2.5000000000e+01 1.4000000000e+01 4.2355000000e-02 1.7534000000e+04 2.6850000000e+03 1.0000000000e+00 1.0000000000e+00
3.1000000000e+01 -1.0000000000e+00 4.4390000000e-02 1.3100000000e+03 0.0000000000e+00 1.0000000000e+00 0.0000000000e+00
2.4000000000e+01 8.0000000000e+00 1.3497000000e-02 1.4920000000e+04 1.8120000000e+03 1.0000000000e+00 1.0000000000e+00
3.1000000000e+01 -1.0000000000e+00 4.7947000000e-02 1.2180000000e+03 0.0000000000e+00 1.0000000000e+00 0.0000000000e+00
5.0000000000e+00 1.5740000000e+01 1.1273000000e-02 2.3537000000e+04 5.1780000000e+03 1.0000000000e+00 2.0000000000e+00
9.7100000000e+00 1.8130000000e+01 1.5251000000e-02 3.5137000000e+04 1.1534000000e+04 2.0000000000e+00 3.0000000000e+00
0.0000000000e+00 -1.0000000000e+00 3.6868000000e-02 1.5550000000e+04 0.0000000000e+00 1.0000000000e+00 0.0000000000e+00
2.4000000000e+01 2.4000000000e+01 4.2234000000e-02 3.7348000000e+04 6.7820000000e+03 1.0000000000e+00 1.0000000000e+00
1.1400000000e+01 8.7400000000e+00 4.2755000000e-02 2.7918000000e+04 7.6830000000e+03 2.0000000000e+00 2.0000000000e+00
4.0900000000e+00 -1.0000000000e+00 6.7510000000e-03 8.7700000000e+02 0.0000000000e+00 2.0000000000e+00 0.0000000000e+00
2.3760000000e+01 -1.0000000000e+00 1.2224000000e-02 2.8879000000e+04 0.0000000000e+00 2.0000000000e+00 0.0000000000e+00
3.1000000000e+01 -1.0000000000e+00 1.5972000000e-02 2.5520000000e+03 0.0000000000e+00 1.0000000000e+00 0.0000000000e+00
2.3680000000e+01 -1.0000000000e+00 4.2158000000e-02 1.7709000000e+04 0.0000000000e+00 2.0000000000e+00 0.0000000000e+00
6.8200000000e+00 -1.0000000000e+00 4.4065000000e-02 3.5116000000e+04 0.0000000000e+00 2.0000000000e+00 0.0000000000e+00
1.7000000000e+01 -1.0000000000e+00 8.0520000000e-03 2.4683000000e+04 0.0000000000e+00 1.0000000000e+00 0.0000000000e+00
1.1000000000e+01 -1.0000000000e+00 3.9281000000e-02 1.9379000000e+04 0.0000000000e+00 1.0000000000e+00 0.0000000000e+00
2.0000000000e+00 -1.0000000000e+00 4.0633000000e-02 8.2450000000e+03 0.0000000000e+00 1.0000000000e+00 0.0000000000e+00
1.6850000000e+01 1.7680000000e+01 4.6379000000e-02 2.0714000000e+04 6.0090000000e+03 2.0000000000e+00 2.0000000000e+00
4.1400000000e+00 1.9000000000e+01 1.1074000000e-02 2.4871000000e+04 4.6700000000e+03 2.0000000000e+00 1.0000000000e+00
5.0000000000e+00 -1.0000000000e+00 1.3641000000e-02 8.0160000000e+03 0.0000000000e+00 1.0000000000e+00 0.0000000000e+00
2.2000000000e+01 1.5000000000e+01 1.5338000000e-02 9.9680000000e+03 1.4670000000e+03 1.0000000000e+00 1.0000000000e+00
3.1000000000e+01 -1.0000000000e+00 3.0076000000e-02 1.4430000000e+03 0.0000000000e+00 1.0000000000e+00 0.0000000000e+00
1.7000000000e+01 -1.0000000000e+00 3.8235000000e-02 4.5830000000e+03 0.0000000000e+00 1.0000000000e+00 0.0000000000e+00
3.1000000000e+01 -1.0000000000e+00 4.4756000000e-02 2.1180000000e+03 0.0000000000e+00 1.0000000000e+00 0.0000000000e+00
2.3000000000e+01 1.1990000000e+01 1.6711000000e-02 3.8140000000e+04 1.3612000000e+04 1.0000000000e+00 3.0000000000e+00
2.9000000000e+01 1.0230000000e+01 3.9267000000e-02 2.1247000000e+04 4.4370000000e+03 1.0000000000e+00 2.0000000000e+00
1.7000000000e+01 2.5970000000e+01 4.2698000000e-02 3.1269000000e+04 1.1708000000e+04 1.0000000000e+00 3.0000000000e+00
1.6000000000e+01 -1.0000000000e+00 4.2703000000e-02 4.2070000000e+03 0.0000000000e+00 1.0000000000e+00 0.0000000000e+00
1.0690000000e+01 2.0600000000e+01 6.3900000000e-03 4.0082000000e+04 1.3177000000e+04 2.0000000000e+00 2.0000000000e+00
6.0000000000e+00 1.5000000000e+01 1.3641000000e-02 5.2110000000e+03 1.8120000000e+03 1.0000000000e+00 1.0000000000e+00
2.8410000000e+01 9.0000000000e+00 3.6095000000e-02 2.1709000000e+04 4.5300000000e+03 2.0000000000e+00 1.0000000000e+00
1.7000000000e+01 -1.0000000000e+00 3.8998000000e-02 2.3000000000e+03 0.0000000000e+00 1.0000000000e+00 0.0000000000e+00
4.7900000000e+00 -1.0000000000e+00 4.0568000000e-02 1.3192000000e+04 0.0000000000e+00 2.0000000000e+00 0.0000000000e+00
5.0000000000e+00 -1.0000000000e+00 4.4211000000e-02 2.7042000000e+04 0.0000000000e+00 1.0000000000e+00 0.0000000000e+00
3.1000000000e+01 -1.0000000000e+00 5.5879000000e-02 1.1290000000e+03 0.0000000000e+00 1.0000000000e+00 0.0000000000e+00
1.7490000000e+01 1.1530000000e+01 1.2604000000e-02 2.0054000000e+04 6.1150000000e+03 2.0000000000e+00 2.0000000000e+00
2.5000000000e+01 -1.0000000000e+00 1.3746000000e-02 5.0970000000e+03 0.0000000000e+00 1.0000000000e+00 0.0000000000e+00
2.3000000000e+01 1.5000000000e+01 4.2941000000e-02 3.0104000000e+04 3.5680000000e+03 1.0000000000e+00 1.0000000000e+00
2.2000000000e+01 -1.0000000000e+00 4.2946000000e-02 4.0470000000e+03 0.0000000000e+00 1.0000000000e+00 0.0000000000e+00
3.1000000000e+01 -1.0000000000e+00 9.9970000000e-03 1.4890000000e+03 0.0000000000e+00 1.0000000000e+00 0.0000000000e+00
1.7000000000e+01 -1.0000000000e+00 1.0474000000e-02 1.4464000000e+04 0.0000000000e+00 1.0000000000e+00 0.0000000000e+00
2.5650000000e+01 1.5830000000e+01 1.3928000000e-02 3.6679000000e+04 1.2138000000e+04 2.0000000000e+00 3.0000000000e+00
3.1000000000e+01 -1.0000000000e+00 4.5795000000e-02 2.7700000000e+02 0.0000000000e+00 1.0000000000e+00 0.0000000000e+00
2.3000000000e+01 -1.0000000000e+00 5.4370000000e-02 4.9200000000e+02 0.0000000000e+00 1.0000000000e+00 0.0000000000e+00
1.7340000000e+01 -1.0000000000e+00 9.7860000000e-03 2.3011000000e+04 0.0000000000e+00 2.0000000000e+00 0.0000000000e+00
1.3000000000e+01 -1.0000000000e+00 1.4665000000e-02 2.6300000000e+02 0.0000000000e+00 1.0000000000e+00 0.0000000000e+00
1.0410000000e+01 -1.0000000000e+00 1.8320000000e-02 3.4173000000e+04 0.0000000000e+00 2.0000000000e+00 0.0000000000e+00
5.0000000000e+00 -1.0000000000e+00 8.9490000000e-03 3.1653000000e+04 0.0000000000e+00 1.0000000000e+00 0.0000000000e+00
1.7000000000e+01 -1.0000000000e+00 1.5428000000e-02 1.1526000000e+04 0.0000000000e+00 1.0000000000e+00 0.0000000000e+00
1.1000000000e+01 1.5430000000e+01 4.1247000000e-02 1.8406000000e+04 4.8870000000e+03 1.0000000000e+00 2.0000000000e+00
2.9610000000e+01 6.0000000000e+00 7.9420000000e-03 2.5227000000e+04 5.2910000000e+03 2.0000000000e+00 1.0000000000e+00
2.2960000000e+01 1.1000000000e+01 8.4450000000e-03 1.5338000000e+04 2.4320000000e+03 2.0000000000e+00 1.0000000000e+00
1.0000000000e+00 -1.0000000000e+00 9.4100000000e-03 6.5630000000e+03 0.0000000000e+00 1.0000000000e+00 0.0000000000e+00
1.0140000000e+01 1.3520000000e+01 1.0563000000e-02 2.3543000000e+04 7.2700000000e+03 2.0000000000e+00 2.0000000000e+00
2.8000000000e+01 -1.0000000000e+00 3.0290000000e-02 1.1161000000e+04 0.0000000000e+00 1.0000000000e+00 0.0000000000e+00
4.0000000000e+00 1.3230000000e+01 3.9991000000e-02 3.2885000000e+04 1.0207000000e+04 1.0000000000e+00 3.0000000000e+00
2.3000000000e+01 -1.0000000000e+00 4.0426000000e-02 9.5650000000e+03 0.0000000000e+00 1.0000000000e+00 0.0000000000e+00
5.6300000000e+00 -1.0000000000e+00 1.3158000000e-02 1.2815000000e+04 0.0000000000e+00 2.0000000000e+00 0.0000000000e+00
2.3000000000e+01 1.8000000000e+01 4.4116000000e-02 1.9753000000e+04 3.7290000000e+03 1.0000000000e+00 1.0000000000e+00
2.0000000000e+01 -1.0000000000e+00 5.6328000000e-02 1.4600000000e+02 0.0000000000e+00 1.0000000000e+00 0.0000000000e+00
1.7000000000e+01 -1.0000000000e+00 4.0178000000e-02 4.8200000000e+03 0.0000000000e+00 1.0000000000e+00 0.0000000000e+00
5.0000000000e+00 -1.0000000000e+00 4.4487000000e-02 1.1039000000e+04 0.0000000000e+00 1.0000000000e+00 0.0000000000e+00
4.8000000000e+00 -1.0000000000e+00 4.0200000000e-02 2.8093000000e+04 0.0000000000e+00 2.0000000000e+00 0.0000000000e+00
0.0000000000e+00 -1.0000000000e+00 3.1512000000e-02 2.1290000000e+03 0.0000000000e+00 1.0000000000e+00 0.0000000000e+00
2.6000000000e+01 9.0000000000e+00 4.0466000000e-02 1.6350000000e+04 3.6310000000e+03 1.0000000000e+00 1.0000000000e+00
2.3000000000e+01 -1.0000000000e+00 4.5263000000e-02 5.0940000000e+03 0.0000000000e+00 1.0000000000e+00 0.0000000000e+00
1.1000000000e+01 2.2000000000e+01 5.4725000000e-02 1.9779000000e+04 4.0280000000e+03 1.0000000000e+00 1.0000000000e+00
3.1000000000e+01 -1.0000000000e+00 9.5420000000e-03 1.7420000000e+03 0.0000000000e+00 1.0000000000e+00 0.0000000000e+00
1.0000000000e+01 -1.0000000000e+00 3.9834000000e-02 7.2920000000e+03 0.0000000000e+00 1.0000000000e+00 0.0000000000e+00
1.1000000000e+01 -1.0000000000e+00 4.0981000000e-02 5.0060000000e+03 0.0000000000e+00 1.0000000000e+00 0.0000000000e+00
3.1000000000e+01 -1.0000000000e+00 5.7564000000e-02 2.4940000000e+03 0.0000000000e+00 1.0000000000e+00 0.0000000000e+00
3.1000000000e+01 -1.0000000000e+00 1.0390000000e-03 1.0710000000e+03 0.0000000000e+00 1.0000000000e+00 0.0000000000e+00
2.3270000000e+01 1.6000000000e+01 4.3769000000e-02 3.7770000000e+04 6.9120000000e+03 2.0000000000e+00 1.0000000000e+00
2.2000000000e+01 -1.0000000000e+00 4.3774000000e-02 3.7660000000e+03 0.0000000000e+00 1.0000000000e+00 0.0000000000e+00
4.0500000000e+00 1.4000000000e+01 4.5326000000e-02 1.5967000000e+04 2.5890000000e+03 2.0000000000e+00 1.0000000000e+00
2.3000000000e+01 -1.0000000000e+00 8.1330000000e-03 1.3300000000e+03 0.0000000000e+00 1.0000000000e+00 0.0000000000e+00
1.6000000000e+01 -1.0000000000e+00 3.7635000000e-02 1.3036000000e+04 0.0000000000e+00 1.0000000000e+00 0.0000000000e+00
2.3000000000e+01 -1.0000000000e+00 3.9579000000e-02 2.3427000000e+04 0.0000000000e+00 1.0000000000e+00 0.0000000000e+00
2.9550000000e+01 1.4350000000e+01 4.0516000000e-02 2.7293000000e+04 8.6660000000e+03 2.0000000000e+00 2.0000000000e+00
2.9000000000e+01 -1.0000000000e+00 2.8084000000e-02 6.3240000000e+03 0.0000000000e+00 1.0000000000e+00 0.0000000000e+00
2.3000000000e+01 -1.0000000000e+00 3.9505000000e-02 6.9120000000e+03 0.0000000000e+00 1.0000000000e+00 0.0000000000e+00
3.9900000000e+00 2.3880000000e+01 4.0386000000e-02 2.9990000000e+04 1.0135000000e+04 2.0000000000e+00 3.0000000000e+00
1.2000000000e+01 -1.0000000000e+00 4.5865000000e-02 1.9350000000e+03 0.0000000000e+00 1.0000000000e+00 0.0000000000e+00
2.2450000000e+01 -1.0000000000e+00 3.8311000000e-02 2.5433000000e+04 0.0000000000e+00 2.0000000000e+00 0.0000000000e+00
1.1000000000e+01 -1.0000000000e+00 6.6770000000e-03 1.3903000000e+04 0.0000000000e+00 1.0000000000e+00 0.0000000000e+00
2.3000000000e+01 1.9000000000e+01 4.0995000000e-02 1.7704000000e+04 2.5650000000e+03 1.0000000000e+00 1.0000000000e+00
5.0000000000e+00 -1.0000000000e+00 4.1918000000e-02 3.0780000000e+03 0.0000000000e+00 1.0000000000e+00 0.0000000000e+00
1.7350000000e+01 1.0660000000e+01 4.2970000000e-02 3.5038000000e+04 9.3910000000e+03 2.0000000000e+00 2.0000000000e+00
1.6260000000e+01 6.9000000000e+00 4.4666000000e-02 3.7266000000e+04 1.2154000000e+04 2.0000000000e+00 3.0000000000e+00
3.1000000000e+01 -1.0000000000e+00 5.7382000000e-02 7.2300000000e+02 0.0000000000e+00 1.0000000000e+00 0.0000000000e+00
1.3000000000e+01 -1.0000000000e+00 3.1552000000e-02 4.8400000000e+02 0.0000000000e+00 1.0000000000e+00 0.0000000000e+00
4.0000000000e+00 -1.0000000000e+00 3.6918000000e-02 8.2390000000e+03 0.0000000000e+00 1.0000000000e+00 0.0000000000e+00
2.3060000000e+01 1.3290000000e+01 1.1461000000e-02 3.7433000000e+04 1.3162000000e+04 2.0000000000e+00 3.0000000000e+00
1.7000000000e+01 1.0500000000e+01 1.4580000000e-02 3.1908000000e+04 1.0854000000e+04 1.0000000000e+00 2.0000000000e+00
1.1570000000e+01 -1.0000000000e+00 2.1128000000e-02 9.7150000000e+03 0.0000000000e+00 2.0000000000e+00 0.0000000000e+00
2.3000000000e+01 -1.0000000000e+00 3.8698000000e-02 3.1590000000e+04 0.0000000000e+00 1.0000000000e+00 0.0000000000e+00
2.2000000000e+01 -1.0000000000e+00 3.8703000000e-02 4.7550000000e+03 0.0000000000e+00 1.0000000000e+00 0.0000000000e+00
2.9570000000e+01 -1.0000000000e+00 3.9972000000e-02 3.0864000000e+04 0.0000000000e+00 2.0000000000e+00 0.0000000000e+00
1.1000000000e+01 -1.0000000000e+00 4.1870000000e-02 5.0340000000e+03 0.0000000000e+00 1.0000000000e+00 0.0000000000e+00
2.3000000000e+01 1.3620000000e+01 4.2044000000e-02 2.3755000000e+04 6.7590000000e+03 1.0000000000e+00 2.0000000000e+00
1.1000000000e+01 -1.0000000000e+00 7.2110000000e-03 1.1223000000e+04 0.0000000000e+00 1.0000000000e+00 0.0000000000e+00
1.0780000000e+01 -1.0000000000e+00 4.1873000000e-02 1.7755000000e+04 0.0000000000e+00 2.0000000000e+00 0.0000000000e+00
5.0000000000e+00 1.6780000000e+01 4.3440000000e-02 2.1558000000e+04 4.1610000000e+03 1.0000000000e+00 2.0000000000e+00
2.9000000000e+01 6.0000000000e+00 3.9148000000e-02 1.6139000000e+04 2.2510000000e+03 1.0000000000e+00 1.0000000000e+00
4.3500000000e+00 -1.0000000000e+00 3.9726000000e-02 4.8570000000e+03 0.0000000000e+00 2.0000000000e+00 0.0000000000e+00
4.6900000000e+00 -1.0000000000e+00 4.2459000000e-02 1.4873000000e+04 0.0000000000e+00 2.0000000000e+00 0.0000000000e+00
1.7000000000e+01 -1.0000000000e+00 4.4082000000e-02 9.1550000000e+03 0.0000000000e+00 1.0000000000e+00 0.0000000000e+00
1.0480000000e+01 -1.0000000000e+00 8.8850000000e-03 2.4050000000e+04 0.0000000000e+00 2.0000000000e+00 0.0000000000e+00
0.0000000000e+00 1.3000000000e+01 3.8769000000e-02 2.9965000000e+04 2.4160000000e+03 1.0000000000e+00 1.0000000000e+00
1.0000000000e+00 -1.0000000000e+00 5.8841000000e-02 1.2326000000e+04 0.0000000000e+00 1.0000000000e+00 0.0000000000e+00
1.8000000000e+01 -1.0000000000e+00 1.6681000000e-02 3.3300000000e+03 0.0000000000e+00 1.0000000000e+00 0.0000000000e+00
1.6520000000e+01 1.0000000000e+01 3.7435000000e-02 1.6142000000e+04 3.2160000000e+03 2.0000000000e+00 1.0000000000e+00
2.5000000000e+01 1.3000000000e+01 3.9824000000e-02 1.4359000000e+04 1.4760000000e+03 1.0000000000e+00 1.0000000000e+00
2.9000000000e+01 -1.0000000000e+00 4.1193000000e-02 9.0210000000e+03 0.0000000000e+00 1.0000000000e+00 0.0000000000e+00
2.4000000000e+01 1.2550000000e+01 4.5671000000e-02 2.0508000000e+04 5.7810000000e+03 1.0000000000e+00 2.0000000000e+00
1.6420000000e+01 -1.0000000000e+00 7.8250000000e-03 2.0492000000e+04 0.0000000000e+00 2.0000000000e+00 0.0000000000e+00
2.5000000000e+01 -1.0000000000e+00 1.2410000000e-02 2.9276000000e+04 0.0000000000e+00 1.0000000000e+00 0.0000000000e+00
1.1740000000e+01 -1.0000000000e+00 5.3428000000e-02 2.0112000000e+04 0.0000000000e+00 2.0000000000e+00 0.0000000000e+00
1.5730000000e+01 -1.0000000000e+00 1.1103000000e-02 2.2810000000e+04 0.0000000000e+00 2.0000000000e+00 0.0000000000e+00
1.6000000000e+01 -1.0000000000e+00 1.0441000000e-02 1.7441000000e+04 0.0000000000e+00 1.0000000000e+00 0.0000000000e+00
1.6540000000e+01 2.0320000000e+01 3.7302000000e-02 1.1875000000e+04 3.0820000000e+03 2.0000000000e+00 2.0000000000e+00
2.3000000000e+01 -1.0000000000e+00 3.5659000000e-02 5.6600000000e+02 0.0000000000e+00 1.0000000000e+00 0.0000000000e+00
2.9000000000e+01 1.0560000000e+01 3.6659000000e-02 3.2649000000e+04 8.7880000000e+03 1.0000000000e+00 2.0000000000e+00
2.8000000000e+01 -1.0000000000e+00 3.6664000000e-02 4.2860000000e+03 0.0000000000e+00 1.0000000000e+00 0.0000000000e+00
3.1000000000e+01 -1.0000000000e+00 8.4240000000e-03 2.0860000000e+03 0.0000000000e+00 1.0000000000e+00 0.0000000000e+00
2.1810000000e+01 1.1720000000e+01 2.3544000000e-02 3.7337000000e+04 1.1656000000e+04 2.0000000000e+00 3.0000000000e+00
2.3000000000e+01 8.3600000000e+00 3.8376000000e-02 2.8595000000e+04 9.5130000000e+03 1.0000000000e+00 2.0000000000e+00
