2.0320000000e+01 -1.0000000000e+00 6.6600000000e-03 1.2435000000e+04 0.0000000000e+00 2.0000000000e+00 0.0000000000e+00
8.0000000000e+00 1.7640000000e+01 7.1850000000e-03 1.5642000000e+04 6.9500000000e+03 1.0000000000e+00 2.0000000000e+00
4.9000000000e+00 1.1140000000e+01 8.5730000000e-03 4.2513000000e+04 2.5007000000e+04 2.0000000000e+00 3.0000000000e+00
8.3800000000e+00 1.6000000000e+01 1.5579000000e-02 3.0620000000e+04 4.8820000000e+03 2.0000000000e+00 1.0000000000e+00
2.0440000000e+01 1.8680000000e+01 1.8269000000e-02 4.1493000000e+04 2.1820000000e+04 2.0000000000e+00 4.0000000000e+00
9.0000000000e+00 -1.0000000000e+00 4.1334000000e-02 3.8679000000e+04 0.0000000000e+00 1.0000000000e+00 0.0000000000e+00
1.0000000000e+01 -1.0000000000e+00 4.1338000000e-02 3.9260000000e+03 0.0000000000e+00 1.0000000000e+00 0.0000000000e+00
8.5700000000e+00 -1.0000000000e+00 7.7640000000e-03 1.2199000000e+04 0.0000000000e+00 2.0000000000e+00 0.0000000000e+00
1.4870000000e+01 -1.0000000000e+00 4.6133000000e-02 4.5804000000e+04 0.0000000000e+00 2.0000000000e+00 0.0000000000e+00
2.0000000000e+00 2.4740000000e+01 4.1035000000e-02 4.0603000000e+04 1.5201000000e+04 1.0000000000e+00 3.0000000000e+00
2.1000000000e+01 1.9190000000e+01 5.3157000000e-02 1.8802000000e+04 6.1450000000e+03 1.0000000000e+00 2.0000000000e+00
7.0000000000e+00 -1.0000000000e+00 5.9308000000e-02 1.2540000000e+03 0.0000000000e+00 1.0000000000e+00 0.0000000000e+00
1.5000000000e+01 -1.0000000000e+00 1.0863000000e-02 4.6080000000e+03 0.0000000000e+00 1.0000000000e+00 0.0000000000e+00
2.4000000000e+01 -1.0000000000e+00 1.3203000000e-02 1.3200000000e+02 0.0000000000e+00 1.0000000000e+00 0.0000000000e+00
3.0000000000e+00 1.7900000000e+01 3.9983000000e-02 2.8647000000e+04 1.1971000000e+04 1.0000000000e+00 3.0000000000e+00
1.3620000000e+01 1.1030000000e+01 4.2625000000e-02 4.3768000000e+04 2.2367000000e+04 2.0000000000e+00 3.0000000000e+00
1.5000000000e+01 -1.0000000000e+00 4.2629000000e-02 4.1940000000e+03 0.0000000000e+00 1.0000000000e+00 0.0000000000e+00
3.1000000000e+01 -1.0000000000e+00 4.5372000000e-02 1.5760000000e+03 0.0000000000e+00 1.0000000000e+00 0.0000000000e+00
1.7000000000e+01 -1.0000000000e+00 4.9508000000e-02 1.2100000000e+02 0.0000000000e+00 1.0000000000e+00 0.0000000000e+00
2.0000000000e+01 -1.0000000000e+00 5.5609000000e-02 1.7830000000e+03 0.0000000000e+00 1.0000000000e+00 0.0000000000e+00
7.0000000000e+00 -1.0000000000e+00 1.2109000000e-02 1.3340000000e+03 0.0000000000e+00 1.0000000000e+00 0.0000000000e+00
2.7450000000e+01 1.1780000000e+01 3.9614000000e-02 3.3864000000e+04 1.6575000000e+04 2.0000000000e+00 3.0000000000e+00
3.1000000000e+01 -1.0000000000e+00 4.0250000000e-03 5.2600000000e+02 0.0000000000e+00 1.0000000000e+00 0.0000000000e+00
1.4720000000e+01 -1.0000000000e+00 5.8700000000e-03 1.3490000000e+03 0.0000000000e+00 2.0000000000e+00 0.0000000000e+00
9.0000000000e+00 -1.0000000000e+00 3.1326000000e-02 7.9100000000e+02 0.0000000000e+00 1.0000000000e+00 0.0000000000e+00
1.4100000000e+01 2.3950000000e+01 4.3596000000e-02 4.1622000000e+04 2.3265000000e+04 2.0000000000e+00 3.0000000000e+00
1.6300000000e+00 1.4020000000e+01 6.5560000000e-03 3.7938000000e+04 1.4427000000e+04 2.0000000000e+00 3.0000000000e+00
1.3000000000e+01 -1.0000000000e+00 3.5154000000e-02 4.5000000000e+02 0.0000000000e+00 1.0000000000e+00 0.0000000000e+00
1.4360000000e+01 -1.0000000000e+00 1.8690000000e-02 2.0932000000e+04 0.0000000000e+00 2.0000000000e+00 0.0000000000e+00
2.2000000000e+01 -1.0000000000e+00 3.6912000000e-02 1.8710000000e+04 0.0000000000e+00 1.0000000000e+00 0.0000000000e+00
1.4000000000e+01 -1.0000000000e+00 3.7694000000e-02 1.6318000000e+04 0.0000000000e+00 1.0000000000e+00 0.0000000000e+00
1.5170000000e+01 -1.0000000000e+00 4.1127000000e-02 2.7730000000e+04 0.0000000000e+00 2.0000000000e+00 0.0000000000e+00
1.5000000000e+01 -1.0000000000e+00 4.1547000000e-02 3.1031000000e+04 0.0000000000e+00 1.0000000000e+00 0.0000000000e+00
1.4000000000e+01 -1.0000000000e+00 4.1552000000e-02 4.8020000000e+03 0.0000000000e+00 1.0000000000e+00 0.0000000000e+00
3.0000000000e+00 1.0530000000e+01 1.5534000000e-02 2.4127000000e+04 7.9760000000e+03 1.0000000000e+00 2.0000000000e+00
1.9000000000e+01 -1.0000000000e+00 2.3815000000e-02 3.4400000000e+02 0.0000000000e+00 1.0000000000e+00 0.0000000000e+00
8.0000000000e+00 1.1620000000e+01 3.8235000000e-02 1.1220000000e+04 4.1220000000e+03 1.0000000000e+00 2.0000000000e+00
8.3000000000e+00 1.3840000000e+01 8.4810000000e-03 3.9656000000e+04 2.0336000000e+04 2.0000000000e+00 3.0000000000e+00
2.0000000000e+01 1.7800000000e+01 8.5680000000e-03 2.8740000000e+04 1.4494000000e+04 1.0000000000e+00 3.0000000000e+00
2.1000000000e+01 -1.0000000000e+00 8.5730000000e-03 4.1310000000e+03 0.0000000000e+00 1.0000000000e+00 0.0000000000e+00
9.0000000000e+00 -1.0000000000e+00 3.9982000000e-02 3.3457000000e+04 0.0000000000e+00 1.0000000000e+00 0.0000000000e+00
8.0000000000e+00 -1.0000000000e+00 3.9987000000e-02 4.5710000000e+03 0.0000000000e+00 1.0000000000e+00 0.0000000000e+00
2.7000000000e+01 1.2380000000e+01 4.0921000000e-02 3.6111000000e+04 1.6793000000e+04 1.0000000000e+00 3.0000000000e+00
9.0000000000e+00 -1.0000000000e+00 7.9560000000e-03 4.1663000000e+04 0.0000000000e+00 1.0000000000e+00 0.0000000000e+00
1.0000000000e+01 -1.0000000000e+00 7.9590000000e-03 4.6250000000e+03 0.0000000000e+00 1.0000000000e+00 0.0000000000e+00
3.0000000000e+00 -1.0000000000e+00 1.2767000000e-02 1.7500000000e+03 0.0000000000e+00 1.0000000000e+00 0.0000000000e+00
2.1000000000e+01 -1.0000000000e+00 2.9440000000e-02 2.9640000000e+04 0.0000000000e+00 1.0000000000e+00 0.0000000000e+00
2.7310000000e+01 2.2000000000e+01 3.9621000000e-02 1.0236000000e+04 2.4430000000e+03 2.0000000000e+00 1.0000000000e+00
3.1000000000e+01 -1.0000000000e+00 3.3436000000e-02 1.6230000000e+03 0.0000000000e+00 1.0000000000e+00 0.0000000000e+00
1.4290000000e+01 1.9150000000e+01 4.2351000000e-02 2.8368000000e+04 1.4119000000e+04 2.0000000000e+00 3.0000000000e+00
3.1000000000e+01 -1.0000000000e+00 5.4433000000e-02 2.3550000000e+03 0.0000000000e+00 1.0000000000e+00 0.0000000000e+00
3.1000000000e+01 -1.0000000000e+00 2.0520000000e-02 8.6200000000e+02 0.0000000000e+00 1.0000000000e+00 0.0000000000e+00
3.1000000000e+01 -1.0000000000e+00 3.3910000000e-03 8.3700000000e+02 0.0000000000e+00 1.0000000000e+00 0.0000000000e+00
3.0000000000e+00 -1.0000000000e+00 3.6809000000e-02 2.6030000000e+04 0.0000000000e+00 1.0000000000e+00 0.0000000000e+00
1.5000000000e+01 2.1990000000e+01 3.8789000000e-02 2.8778000000e+04 1.2989000000e+04 1.0000000000e+00 3.0000000000e+00
1.4000000000e+01 -1.0000000000e+00 4.1205000000e-02 5.3460000000e+03 0.0000000000e+00 1.0000000000e+00 0.0000000000e+00
2.0520000000e+01 7.7800000000e+00 4.1946000000e-02 3.3505000000e+04 1.6010000000e+04 2.0000000000e+00 3.0000000000e+00
9.2500000000e+00 1.6500000000e+01 5.3443000000e-02 5.0581000000e+04 2.4622000000e+04 3.0000000000e+00 2.0000000000e+00
1.1000000000e+01 -1.0000000000e+00 5.3447000000e-02 4.0020000000e+03 0.0000000000e+00 1.0000000000e+00 0.0000000000e+00
6.0000000000e+00 -1.0000000000e+00 3.1831000000e-02 1.2850000000e+03 0.0000000000e+00 1.0000000000e+00 0.0000000000e+00
9.0000000000e+00 1.1540000000e+01 4.0759000000e-02 2.4310000000e+04 1.0505000000e+04 1.0000000000e+00 2.0000000000e+00
1.4000000000e+01 -1.0000000000e+00 1.0181000000e-02 7.3220000000e+03 0.0000000000e+00 1.0000000000e+00 0.0000000000e+00
1.4190000000e+01 -1.0000000000e+00 7.2460000000e-03 2.3802000000e+04 0.0000000000e+00 2.0000000000e+00 0.0000000000e+00
1.5000000000e+01 2.3430000000e+01 7.5890000000e-03 3.5555000000e+04 1.5815000000e+04 1.0000000000e+00 2.0000000000e+00
1.3000000000e+01 -1.0000000000e+00 3.8763000000e-02 5.4100000000e+02 0.0000000000e+00 1.0000000000e+00 0.0000000000e+00
8.2100000000e+00 1.8150000000e+01 6.6130000000e-03 4.6717000000e+04 2.5717000000e+04 2.0000000000e+00 3.0000000000e+00
2.7000000000e+01 1.1580000000e+01 7.5420000000e-03 2.3430000000e+04 8.2200000000e+03 1.0000000000e+00 2.0000000000e+00
1.4920000000e+01 1.1140000000e+01 1.1037000000e-02 3.4041000000e+04 1.9049000000e+04 2.0000000000e+00 3.0000000000e+00
1.5900000000e+00 2.1010000000e+01 1.4171000000e-02 5.8549000000e+04 2.1039000000e+04 2.0000000000e+00 3.0000000000e+00
8.0000000000e+00 1.8920000000e+01 2.0179000000e-02 4.3692000000e+04 2.8882000000e+04 1.0000000000e+00 3.0000000000e+00
2.7000000000e+01 1.5000000000e+01 2.0831000000e-02 1.8012000000e+04 4.4670000000e+03 1.0000000000e+00 1.0000000000e+00
2.0000000000e+00 2.2400000000e+01 8.6330000000e-03 3.6279000000e+04 1.2094000000e+04 1.0000000000e+00 3.0000000000e+00
3.0000000000e+00 -1.0000000000e+00 8.6380000000e-03 5.0720000000e+03 0.0000000000e+00 1.0000000000e+00 0.0000000000e+00
3.1000000000e+01 -1.0000000000e+00 1.9244000000e-02 1.7440000000e+03 0.0000000000e+00 1.0000000000e+00 0.0000000000e+00
2.7900000000e+00 1.9460000000e+01 4.4794000000e-02 2.4830000000e+04 9.1990000000e+03 2.0000000000e+00 2.0000000000e+00
2.7000000000e+01 1.1380000000e+01 1.6501000000e-02 1.0467000000e+04 2.9440000000e+03 1.0000000000e+00 2.0000000000e+00
2.8000000000e+01 1.2690000000e+01 3.8223000000e-02 1.6751000000e+04 5.7630000000e+03 1.0000000000e+00 2.0000000000e+00
6.0000000000e+00 -1.0000000000e+00 3.9681000000e-02 4.2900000000e+02 0.0000000000e+00 1.0000000000e+00 0.0000000000e+00
3.0300000000e+00 1.0370000000e+01 1.3076000000e-02 2.2226000000e+04 8.2650000000e+03 2.0000000000e+00 2.0000000000e+00
9.0000000000e+00 -1.0000000000e+00 4.1327000000e-02 5.6910000000e+03 0.0000000000e+00 1.0000000000e+00 0.0000000000e+00
3.0000000000e+00 9.0000000000e+00 8.4300000000e-03 1.5636000000e+04 3.4220000000e+03 1.0000000000e+00 1.0000000000e+00
2.0000000000e+00 -1.0000000000e+00 9.8690000000e-03 1.5295000000e+04 0.0000000000e+00 1.0000000000e+00 0.0000000000e+00
1.5000000000e+01 -1.0000000000e+00 1.4867000000e-02 1.9058000000e+04 0.0000000000e+00 1.0000000000e+00 0.0000000000e+00
1.0000000000e+01 -1.0000000000e+00 1.9815000000e-02 2.0280000000e+03 0.0000000000e+00 1.0000000000e+00 0.0000000000e+00
2.4820000000e+01 1.6000000000e+01 3.9045000000e-02 3.6469000000e+04 8.0620000000e+03 2.0000000000e+00 1.0000000000e+00
1.4240000000e+01 -1.0000000000e+00 9.2200000000e-03 3.6703000000e+04 0.0000000000e+00 2.0000000000e+00 0.0000000000e+00
1.5000000000e+01 -1.0000000000e+00 4.0746000000e-02 1.5800000000e+04 0.0000000000e+00 1.0000000000e+00 0.0000000000e+00
8.6000000000e+00 2.4350000000e+01 1.0742000000e-02 2.5008000000e+04 1.0963000000e+04 2.0000000000e+00 2.0000000000e+00
1.6000000000e+01 1.1490000000e+01 4.0746000000e-02 2.3180000000e+03 8.2870000000e+03 1.0000000000e+00 2.0000000000e+00
1.0000000000e+01 -1.0000000000e+00 5.5155000000e-02 4.0010000000e+04 0.0000000000e+00 1.0000000000e+00 0.0000000000e+00
1.1000000000e+01 -1.0000000000e+00 5.5159000000e-02 6.2500000000e+03 0.0000000000e+00 1.0000000000e+00 0.0000000000e+00
3.0000000000e+00 -1.0000000000e+00 8.4660000000e-03 5.1520000000e+03 0.0000000000e+00 1.0000000000e+00 0.0000000000e+00
2.1840000000e+01 -1.0000000000e+00 1.2128000000e-02 3.5622000000e+04 0.0000000000e+00 2.0000000000e+00 0.0000000000e+00
2.1000000000e+01 -1.0000000000e+00 3.2384000000e-02 1.0190000000e+03 0.0000000000e+00 1.0000000000e+00 0.0000000000e+00
4.0000000000e+00 -1.0000000000e+00 4.2354000000e-02 7.8300000000e+02 0.0000000000e+00 1.0000000000e+00 0.0000000000e+00
2.0000000000e+01 -1.0000000000e+00 6.8670000000e-03 4.9700000000e+02 0.0000000000e+00 1.0000000000e+00 0.0000000000e+00
3.1000000000e+01 -1.0000000000e+00 1.1732000000e-02 1.0760000000e+03 0.0000000000e+00 1.0000000000e+00 0.0000000000e+00
2.0000000000e+01 1.5170000000e+01 1.3084000000e-02 3.0543000000e+04 1.6222000000e+04 1.0000000000e+00 3.0000000000e+00
2.1000000000e+01 -1.0000000000e+00 1.3088000000e-02 5.0980000000e+03 0.0000000000e+00 1.0000000000e+00 0.0000000000e+00
2.2000000000e+01 -1.0000000000e+00 3.9193000000e-02 9.8500000000e+02 0.0000000000e+00 1.0000000000e+00 0.0000000000e+00
2.1000000000e+01 -1.0000000000e+00 9.8200000000e-03 3.4543000000e+04 0.0000000000e+00 1.0000000000e+00 0.0000000000e+00
2.0000000000e+01 -1.0000000000e+00 9.8250000000e-03 4.3190000000e+03 0.0000000000e+00 1.0000000000e+00 0.0000000000e+00
3.1000000000e+01 -1.0000000000e+00 1.0671000000e-02 1.1000000000e+03 0.0000000000e+00 1.0000000000e+00 0.0000000000e+00
8.8700000000e+00 1.0400000000e+01 1.1541000000e-02 2.3147000000e+04 1.0782000000e+04 2.0000000000e+00 2.0000000000e+00
2.0000000000e+00 2.4000000000e+01 1.3978000000e-02 3.0080000000e+04 1.7070000000e+03 1.0000000000e+00 1.0000000000e+00
2.0000000000e+00 -1.0000000000e+00 1.5504000000e-02 2.5930000000e+03 0.0000000000e+00 1.0000000000e+00 0.0000000000e+00
2.4800000000e+00 -1.0000000000e+00 4.0524000000e-02 3.0959000000e+04 0.0000000000e+00 2.0000000000e+00 0.0000000000e+00
1.4000000000e+01 6.3700000000e+00 4.5769000000e-02 1.5599000000e+04 5.8880000000e+03 1.0000000000e+00 2.0000000000e+00
2.1000000000e+01 -1.0000000000e+00 6.8600000000e-04 8.6700000000e+02 0.0000000000e+00 1.0000000000e+00 0.0000000000e+00
8.0000000000e+00 2.0180000000e+01 3.4053000000e-02 1.3420000000e+04 4.7430000000e+03 1.0000000000e+00 2.0000000000e+00
2.1000000000e+01 -1.0000000000e+00 3.9373000000e-02 3.6620000000e+03 0.0000000000e+00 1.0000000000e+00 0.0000000000e+00
1.5000000000e+01 1.6380000000e+01 4.6124000000e-02 1.1910000000e+04 5.4050000000e+03 1.0000000000e+00 2.0000000000e+00
6.0000000000e+00 9.3600000000e+00 2.2135000000e-02 4.2553000000e+04 2.9577000000e+04 1.0000000000e+00 4.0000000000e+00
7.0000000000e+00 -1.0000000000e+00 2.2140000000e-02 5.1770000000e+03 0.0000000000e+00 1.0000000000e+00 0.0000000000e+00
1.4900000000e+01 -1.0000000000e+00 4.4473000000e-02 3.0635000000e+04 0.0000000000e+00 2.0000000000e+00 0.0000000000e+00
1.0000000000e-02 -1.0000000000e+00 5.7145000000e-02 3.0608000000e+04 0.0000000000e+00 2.0000000000e+00 0.0000000000e+00
2.7570000000e+01 -1.0000000000e+00 3.9237000000e-02 3.9212000000e+04 0.0000000000e+00 2.0000000000e+00 0.0000000000e+00
3.1000000000e+01 -1.0000000000e+00 2.4990000000e-03 1.0570000000e+03 0.0000000000e+00 1.0000000000e+00 0.0000000000e+00
2.1000000000e+01 1.4380000000e+01 1.3018000000e-02 3.2214000000e+04 1.5933000000e+04 1.0000000000e+00 3.0000000000e+00
9.0000000000e+00 2.3000000000e+01 1.6391000000e-02 2.3402000000e+04 6.2500000000e+02 1.0000000000e+00 1.0000000000e+00
1.5000000000e+01 1.9000000000e+01 1.8644000000e-02 1.3040000000e+04 3.8190000000e+03 1.0000000000e+00 1.0000000000e+00
8.0000000000e+00 1.4760000000e+01 3.8575000000e-02 4.1074000000e+04 2.3716000000e+04 1.0000000000e+00 3.0000000000e+00
1.6000000000e+01 -1.0000000000e+00 3.9819000000e-02 1.3740000000e+03 0.0000000000e+00 1.0000000000e+00 0.0000000000e+00
3.1000000000e+01 -1.0000000000e+00 4.1761000000e-02 5.6400000000e+02 0.0000000000e+00 1.0000000000e+00 0.0000000000e+00
0.0000000000e+00 -1.0000000000e+00 5.4976000000e-02 1.3210000000e+03 0.0000000000e+00 1.0000000000e+00 0.0000000000e+00
4.0000000000e+00 -1.0000000000e+00 2.5350000000e-03 1.5470000000e+03 0.0000000000e+00 1.0000000000e+00 0.0000000000e+00
2.2000000000e+01 -1.0000000000e+00 1.1486000000e-02 8.7190000000e+03 0.0000000000e+00 1.0000000000e+00 0.0000000000e+00
3.1000000000e+01 -1.0000000000e+00 2.8728000000e-02 7.3900000000e+02 0.0000000000e+00 1.0000000000e+00 0.0000000000e+00
2.7000000000e+01 1.4000000000e+01 3.6767000000e-02 9.0230000000e+03 2.0200000000e+03 1.0000000000e+00 1.0000000000e+00
2.7000000000e+01 -1.0000000000e+00 7.9840000000e-03 3.4497000000e+04 0.0000000000e+00 1.0000000000e+00 0.0000000000e+00
2.0320000000e+01 2.0340000000e+01 8.9290000000e-03 1.9005000000e+04 8.4260000000e+03 2.0000000000e+00 2.0000000000e+00
1.4000000000e+01 1.0000000000e+01 1.5109000000e-02 7.7470000000e+03 1.1770000000e+03 1.0000000000e+00 1.0000000000e+00
3.1000000000e+01 -1.0000000000e+00 1.5510000000e-02 4.2100000000e+02 0.0000000000e+00 1.0000000000e+00 0.0000000000e+00
2.5000000000e+01 -1.0000000000e+00 2.1352000000e-02 6.9200000000e+02 0.0000000000e+00 1.0000000000e+00 0.0000000000e+00
1.0000000000e+01 -1.0000000000e+00 4.0932000000e-02 1.1910000000e+03 0.0000000000e+00 1.0000000000e+00 0.0000000000e+00
1.6000000000e+01 -1.0000000000e+00 5.0120000000e-02 1.7310000000e+03 0.0000000000e+00 1.0000000000e+00 0.0000000000e+00
3.0000000000e+00 -1.0000000000e+00 7.7150000000e-03 1.4170000000e+04 0.0000000000e+00 1.0000000000e+00 0.0000000000e+00
8.1900000000e+00 1.2840000000e+01 3.8008000000e-02 3.1247000000e+04 1.5827000000e+04 2.0000000000e+00 3.0000000000e+00
2.7000000000e+01 -1.0000000000e+00 6.7720000000e-03 1.2368000000e+04 0.0000000000e+00 1.0000000000e+00 0.0000000000e+00
2.1000000000e+01 -1.0000000000e+00 8.5470000000e-03 6.0450000000e+03 0.0000000000e+00 1.0000000000e+00 0.0000000000e+00
6.0000000000e+00 -1.0000000000e+00 2.3427000000e-02 3.7100000000e+02 0.0000000000e+00 1.0000000000e+00 0.0000000000e+00
8.0000000000e+00 7.8300000000e+00 4.8128000000e-02 3.7559000000e+04 1.9860000000e+04 1.0000000000e+00 3.0000000000e+00
2.6730000000e+01 -1.0000000000e+00 7.4220000000e-03 2.9060000000e+04 0.0000000000e+00 2.0000000000e+00 0.0000000000e+00
8.4500000000e+00 8.7600000000e+00 1.0672000000e-02 2.1291000000e+04 9.1300000000e+03 2.0000000000e+00 2.0000000000e+00
3.1000000000e+01 -1.0000000000e+00 5.9078000000e-02 9.8000000000e+01 0.0000000000e+00 1.0000000000e+00 0.0000000000e+00
1.5000000000e+01 1.5460000000e+01 9.9070000000e-03 1.8560000000e+04 7.0200000000e+03 1.0000000000e+00 2.0000000000e+00
1.4060000000e+01 2.4320000000e+01 4.7596000000e-02 1.8183000000e+04 8.0680000000e+03 2.0000000000e+00 2.0000000000e+00
2.0000000000e+01 1.5000000000e+01 4.8685000000e-02 7.6700000000e+03 1.8570000000e+03 1.0000000000e+00 1.0000000000e+00
1.0000000000e+01 -1.0000000000e+00 3.5490000000e-02 1.0360000000e+03 0.0000000000e+00 1.0000000000e+00 0.0000000000e+00
4.0000000000e+00 -1.0000000000e+00 3.9811000000e-02 4.0229000000e+04 0.0000000000e+00 1.0000000000e+00 0.0000000000e+00
5.0000000000e+00 -1.0000000000e+00 3.9816000000e-02 4.0280000000e+03 0.0000000000e+00 1.0000000000e+00 0.0000000000e+00
3.0000000000e+00 -1.0000000000e+00 4.2432000000e-02 1.1543000000e+04 0.0000000000e+00 1.0000000000e+00 0.0000000000e+00
8.0000000000e+00 9.0000000000e+00 4.2606000000e-02 6.7280000000e+03 1.4430000000e+03 1.0000000000e+00 1.0000000000e+00
9.0000000000e+00 1.1250000000e+01 4.2737000000e-02 3.3488000000e+04 1.6325000000e+04 1.0000000000e+00 3.0000000000e+00
8.0000000000e+00 -1.0000000000e+00 4.2742000000e-02 4.2530000000e+03 0.0000000000e+00 1.0000000000e+00 0.0000000000e+00
3.1000000000e+01 -1.0000000000e+00 5.7054000000e-02 2.6000000000e+02 0.0000000000e+00 1.0000000000e+00 0.0000000000e+00
3.1000000000e+01 -1.0000000000e+00 2.7775000000e-02 6.5700000000e+02 0.0000000000e+00 1.0000000000e+00 0.0000000000e+00
2.1000000000e+01 1.7000000000e+01 4.3325000000e-02 8.7170000000e+03 1.7930000000e+03 1.0000000000e+00 1.0000000000e+00
2.2000000000e+01 -1.0000000000e+00 7.6350000000e-03 1.3310000000e+03 0.0000000000e+00 1.0000000000e+00 0.0000000000e+00
1.4000000000e+01 1.0630000000e+01 3.8324000000e-02 3.8238000000e+04 1.8828000000e+04 1.0000000000e+00 3.0000000000e+00
3.0000000000e+00 -1.0000000000e+00 3.7100000000e-02 2.4389000000e+04 0.0000000000e+00 1.0000000000e+00 0.0000000000e+00
1.4000000000e+01 1.3790000000e+01 3.7419000000e-02 2.8817000000e+04 1.1848000000e+04 1.0000000000e+00 3.0000000000e+00
1.5000000000e+01 -1.0000000000e+00 3.7424000000e-02 3.5620000000e+03 0.0000000000e+00 1.0000000000e+00 0.0000000000e+00
1.4000000000e+01 -1.0000000000e+00 9.3340000000e-03 4.1038000000e+04 0.0000000000e+00 1.0000000000e+00 0.0000000000e+00
1.3000000000e+01 -1.0000000000e+00 9.3380000000e-03 3.3830000000e+03 0.0000000000e+00 1.0000000000e+00 0.0000000000e+00
8.0000000000e+00 -1.0000000000e+00 3.6890000000e-02 4.0232000000e+04 0.0000000000e+00 1.0000000000e+00 0.0000000000e+00
1.5000000000e+01 -1.0000000000e+00 4.0137000000e-02 3.7521000000e+04 0.0000000000e+00 1.0000000000e+00 0.0000000000e+00
1.4680000000e+01 -1.0000000000e+00 7.6010000000e-03 3.3487000000e+04 0.0000000000e+00 2.0000000000e+00 0.0000000000e+00
8.0000000000e+00 -1.0000000000e+00 9.2580000000e-03 6.8850000000e+03 0.0000000000e+00 1.0000000000e+00 0.0000000000e+00
2.1000000000e+01 -1.0000000000e+00 9.5210000000e-03 4.9740000000e+03 0.0000000000e+00 1.0000000000e+00 0.0000000000e+00
7.0000000000e+00 1.4360000000e+01 3.6890000000e-02 2.3360000000e+03 2.3765000000e+04 1.0000000000e+00 3.0000000000e+00
2.6300000000e+00 -1.0000000000e+00 3.7403000000e-02 3.4214000000e+04 0.0000000000e+00 2.0000000000e+00 0.0000000000e+00
3.1000000000e+01 -1.0000000000e+00 7.5930000000e-03 6.8800000000e+02 0.0000000000e+00 1.0000000000e+00 0.0000000000e+00
2.7000000000e+01 -1.0000000000e+00 8.2940000000e-03 1.9627000000e+04 0.0000000000e+00 1.0000000000e+00 0.0000000000e+00
2.1000000000e+01 -1.0000000000e+00 3.8535000000e-02 2.9080000000e+03 0.0000000000e+00 1.0000000000e+00 0.0000000000e+00
2.7700000000e+01 -1.0000000000e+00 8.0680000000e-03 1.8300000000e+04 0.0000000000e+00 2.0000000000e+00 0.0000000000e+00
1.6000000000e+01 -1.0000000000e+00 1.8246000000e-02 1.1390000000e+03 0.0000000000e+00 1.0000000000e+00 0.0000000000e+00
8.3700000000e+00 -1.0000000000e+00 4.7903000000e-02 2.3389000000e+04 0.0000000000e+00 2.0000000000e+00 0.0000000000e+00
2.1000000000e+01 2.0380000000e+01 8.0390000000e-03 1.5006000000e+04 5.5980000000e+03 1.0000000000e+00 2.0000000000e+00
3.0000000000e+00 1.6610000000e+01 3.6314000000e-02 1.6783000000e+04 6.0600000000e+03 1.0000000000e+00 2.0000000000e+00
9.0000000000e+00 2.2740000000e+01 3.8013000000e-02 2.4118000000e+04 1.0180000000e+04 1.0000000000e+00 2.0000000000e+00
8.0000000000e+00 9.1500000000e+00 3.8412000000e-02 1.4449000000e+04 4.9790000000e+03 1.0000000000e+00 2.0000000000e+00
1.5000000000e+01 1.4140000000e+01 3.5895000000e-02 1.6141000000e+04 5.5930000000e+03 1.0000000000e+00 2.0000000000e+00
8.0000000000e+00 -1.0000000000e+00 1.6490000000e-03 3.7300000000e+02 0.0000000000e+00 1.0000000000e+00 0.0000000000e+00
1.4000000000e+01 2.5490000000e+01 9.1070000000e-03 2.8656000000e+04 1.1719000000e+04 1.0000000000e+00 2.0000000000e+00
2.0100000000e+01 1.5300000000e+01 1.9660000000e-02 1.9903000000e+04 8.3380000000e+03 2.0000000000e+00 2.0000000000e+00
1.9000000000e+01 -1.0000000000e+00 4.4464000000e-02 5.3200000000e+02 0.0000000000e+00 1.0000000000e+00 0.0000000000e+00
3.1000000000e+01 -1.0000000000e+00 5.6273000000e-02 1.3910000000e+03 0.0000000000e+00 1.0000000000e+00 0.0000000000e+00
2.1000000000e+01 -1.0000000000e+00 4.0410000000e-02 1.9341000000e+04 0.0000000000e+00 1.0000000000e+00 0.0000000000e+00
1.1000000000e+01 -1.0000000000e+00 1.7159000000e-02 1.5590000000e+03 0.0000000000e+00 1.0000000000e+00 0.0000000000e+00
2.1010000000e+01 -1.0000000000e+00 1.8707000000e-02 3.9927000000e+04 0.0000000000e+00 2.0000000000e+00 0.0000000000e+00
2.1000000000e+01 -1.0000000000e+00 4.3113000000e-02 1.3440000000e+03 0.0000000000e+00 1.0000000000e+00 0.0000000000e+00
1.1000000000e+01 -1.0000000000e+00 8.5460000000e-03 1.0530000000e+03 0.0000000000e+00 1.0000000000e+00 0.0000000000e+00
2.7000000000e+01 -1.0000000000e+00 1.0147000000e-02 2.1287000000e+04 0.0000000000e+00 1.0000000000e+00 0.0000000000e+00
9.0000000000e+00 7.9500000000e+00 4.0273000000e-02 3.0576000000e+04 1.5839000000e+04 1.0000000000e+00 3.0000000000e+00
3.0700000000e+00 2.1870000000e+01 4.5593000000e-02 3.9754000000e+04 1.7233000000e+04 2.0000000000e+00 3.0000000000e+00
2.0000000000e+00 -1.0000000000e+00 4.5598000000e-02 4.2960000000e+03 0.0000000000e+00 1.0000000000e+00 0.0000000000e+00
2.7000000000e+01 5.6500000000e+00 6.9110000000e-03 3.4605000000e+04 1.5302000000e+04 1.0000000000e+00 3.0000000000e+00
2.1400000000e+01 6.6400000000e+00 9.5550000000e-03 4.2938000000e+04 1.7615000000e+04 2.0000000000e+00 2.0000000000e+00
1.5000000000e+01 -1.0000000000e+00 3.8789000000e-02 1.6910000000e+03 0.0000000000e+00 1.0000000000e+00 0.0000000000e+00
2.7000000000e+01 -1.0000000000e+00 4.1555000000e-02 2.2700000000e+03 0.0000000000e+00 1.0000000000e+00 0.0000000000e+00
9.0500000000e+00 2.1600000000e+01 4.4949000000e-02 3.3950000000e+04 1.7212000000e+04 2.0000000000e+00 3.0000000000e+00
8.0000000000e+00 1.6000000000e+01 7.1400000000e-03 1.7067000000e+04 2.4130000000e+03 1.0000000000e+00 1.0000000000e+00
1.5000000000e+01 2.3000000000e+01 4.0771000000e-02 2.1300000000e+04 6.3700000000e+03 1.0000000000e+00 1.0000000000e+00
9.0000000000e+00 -1.0000000000e+00 4.1540000000e-02 1.4125000000e+04 0.0000000000e+00 1.0000000000e+00 0.0000000000e+00
1.7000000000e+01 -1.0000000000e+00 5.3400000000e-03 2.6386000000e+04 0.0000000000e+00 1.0000000000e+00 0.0000000000e+00
3.0200000000e+00 1.5410000000e+01 7.8900000000e-03 2.0304000000e+04 8.0120000000e+03 2.0000000000e+00 2.0000000000e+00
2.6000000000e+01 -1.0000000000e+00 1.6193000000e-02 6.1900000000e+02 0.0000000000e+00 1.0000000000e+00 0.0000000000e+00
2.1000000000e+01 -1.0000000000e+00 1.9332000000e-02 1.5673000000e+04 0.0000000000e+00 1.0000000000e+00 0.0000000000e+00
3.1000000000e+01 -1.0000000000e+00 6.9500000000e-04 3.7780000000e+04 0.0000000000e+00 1.0000000000e+00 0.0000000000e+00
2.0000000000e+00 -1.0000000000e+00 7.4180000000e-03 7.2100000000e+03 0.0000000000e+00 1.0000000000e+00 0.0000000000e+00
3.1000000000e+01 -1.0000000000e+00 3.8246000000e-02 1.0750000000e+03 0.0000000000e+00 1.0000000000e+00 0.0000000000e+00
1.4100000000e+01 2.3000000000e+01 7.7590000000e-03 6.4720000000e+03 1.8380000000e+03 2.0000000000e+00 1.0000000000e+00
2.0000000000e+01 1.0940000000e+01 1.8554000000e-02 3.3698000000e+04 1.7709000000e+04 1.0000000000e+00 3.0000000000e+00
1.5000000000e+01 -1.0000000000e+00 6.0800000000e-04 8.9400000000e+02 0.0000000000e+00 1.0000000000e+00 0.0000000000e+00
2.3190000000e+01 2.1000000000e+01 9.0400000000e-03 2.1989000000e+04 3.6070000000e+03 2.0000000000e+00 1.0000000000e+00
8.7100000000e+00 -1.0000000000e+00 1.9306000000e-02 1.9773000000e+04 0.0000000000e+00 2.0000000000e+00 0.0000000000e+00
8.0000000000e+00 -1.0000000000e+00 4.0715000000e-02 3.4350000000e+03 0.0000000000e+00 1.0000000000e+00 0.0000000000e+00
3.1000000000e+01 -1.0000000000e+00 4.3671000000e-02 1.4310000000e+03 0.0000000000e+00 1.0000000000e+00 0.0000000000e+00
2.2000000000e+01 2.0460000000e+01 5.3981000000e-02 1.1023000000e+04 4.7570000000e+03 1.0000000000e+00 2.0000000000e+00
1.5000000000e+01 -1.0000000000e+00 3.8930000000e-02 3.9760000000e+03 0.0000000000e+00 1.0000000000e+00 0.0000000000e+00
2.1000000000e+01 1.1780000000e+01 4.1699000000e-02 3.1346000000e+04 1.4352000000e+04 1.0000000000e+00 3.0000000000e+00
9.0000000000e+00 2.1600000000e+01 1.5509000000e-02 2.1049000000e+04 8.8750000000e+03 1.0000000000e+00 2.0000000000e+00
1.4140000000e+01 2.1030000000e+01 8.2650000000e-03 4.2337000000e+04 2.3026000000e+04 2.0000000000e+00 3.0000000000e+00
1.4000000000e+01 2.1570000000e+01 1.3645000000e-02 1.1085000000e+04 4.5090000000e+03 1.0000000000e+00 2.0000000000e+00
2.3100000000e+00 1.6960000000e+01 3.6532000000e-02 4.5432000000e+04 1.9495000000e+04 2.0000000000e+00 3.0000000000e+00
1.5000000000e+01 -1.0000000000e+00 3.7286000000e-02 2.7170000000e+03 0.0000000000e+00 1.0000000000e+00 0.0000000000e+00
2.1920000000e+01 -1.0000000000e+00 4.2092000000e-02 2.9914000000e+04 0.0000000000e+00 2.0000000000e+00 0.0000000000e+00
2.7000000000e+01 1.2030000000e+01 4.2844000000e-02 3.8660000000e+04 1.9104000000e+04 1.0000000000e+00 3.0000000000e+00
2.6000000000e+01 -1.0000000000e+00 4.2849000000e-02 4.6030000000e+03 0.0000000000e+00 1.0000000000e+00 0.0000000000e+00
3.7100000000e+00 -1.0000000000e+00 7.0550000000e-03 4.0640000000e+04 0.0000000000e+00 2.0000000000e+00 0.0000000000e+00
1.5000000000e+01 1.9410000000e+01 1.1628000000e-02 2.2919000000e+04 1.0430000000e+04 1.0000000000e+00 2.0000000000e+00
2.4000000000e+01 -1.0000000000e+00 1.4747000000e-02 8.4000000000e+02 0.0000000000e+00 1.0000000000e+00 0.0000000000e+00
1.2000000000e+01 -1.0000000000e+00 2.2661000000e-02 2.9300000000e+02 0.0000000000e+00 1.0000000000e+00 0.0000000000e+00
2.7900000000e+01 1.0050000000e+01 6.1910000000e-03 2.9439000000e+04 1.5409000000e+04 3.0000000000e+00 3.0000000000e+00
1.3000000000e+01 -1.0000000000e+00 1.3302000000e-02 1.1560000000e+03 0.0000000000e+00 1.0000000000e+00 0.0000000000e+00
3.0000000000e+00 -1.0000000000e+00 4.1994000000e-02 5.5670000000e+03 0.0000000000e+00 1.0000000000e+00 0.0000000000e+00
8.9300000000e+00 -1.0000000000e+00 1.0351000000e-02 1.3754000000e+04 0.0000000000e+00 2.0000000000e+00 0.0000000000e+00
1.5000000000e+01 2.0410000000e+01 1.1170000000e-02 2.3649000000e+04 1.0595000000e+04 1.0000000000e+00 2.0000000000e+00
1.4000000000e+01 1.6500000000e+01 8.7040000000e-03 1.4861000000e+04 6.7890000000e+03 1.0000000000e+00 2.0000000000e+00
9.0000000000e+00 1.6000000000e+01 9.2120000000e-03 3.2060000000e+04 7.4490000000e+03 1.0000000000e+00 1.0000000000e+00
2.7000000000e+01 6.4300000000e+00 4.9502000000e-02 1.8214000000e+04 6.8500000000e+03 1.0000000000e+00 2.0000000000e+00
3.0000000000e+00 -1.0000000000e+00 7.3330000000e-03 8.2420000000e+03 0.0000000000e+00 1.0000000000e+00 0.0000000000e+00
1.5000000000e+01 -1.0000000000e+00 8.8200000000e-03 2.7730000000e+04 0.0000000000e+00 1.0000000000e+00 0.0000000000e+00
1.4000000000e+01 -1.0000000000e+00 8.8240000000e-03 4.2550000000e+03 0.0000000000e+00 1.0000000000e+00 0.0000000000e+00
3.0270000000e+01 2.9100000000e+00 1.6456000000e-02 4.6144000000e+04 2.2161000000e+04 2.0000000000e+00 3.0000000000e+00
3.1000000000e+01 -1.0000000000e+00 3.3286000000e-02 9.1400000000e+02 0.0000000000e+00 1.0000000000e+00 0.0000000000e+00
1.1000000000e+01 -1.0000000000e+00 5.3221000000e-02 1.3630000000e+03 0.0000000000e+00 1.0000000000e+00 0.0000000000e+00
2.6420000000e+01 -1.0000000000e+00 6.7040000000e-03 1.5218000000e+04 0.0000000000e+00 2.0000000000e+00 0.0000000000e+00
1.5000000000e+01 -1.0000000000e+00 7.6300000000e-03 5.7820000000e+03 0.0000000000e+00 1.0000000000e+00 0.0000000000e+00
2.0460000000e+01 1.0510000000e+01 3.9794000000e-02 3.3518000000e+04 1.4607000000e+04 2.0000000000e+00 2.0000000000e+00
1.0000000000e+01 -1.0000000000e+00 4.0406000000e-02 1.2640000000e+03 0.0000000000e+00 1.0000000000e+00 0.0000000000e+00
3.1000000000e+01 -1.0000000000e+00 5.5718000000e-02 2.2390000000e+03 0.0000000000e+00 1.0000000000e+00 0.0000000000e+00
3.1600000000e+00 1.3060000000e+01 8.3800000000e-03 4.6047000000e+04 2.0983000000e+04 2.0000000000e+00 3.0000000000e+00
2.0000000000e+00 -1.0000000000e+00 8.3840000000e-03 5.1230000000e+03 0.0000000000e+00 1.0000000000e+00 0.0000000000e+00
2.0000000000e+01 -1.0000000000e+00 8.9440000000e-03 6.0060000000e+03 0.0000000000e+00 1.0000000000e+00 0.0000000000e+00
8.0000000000e+00 -1.0000000000e+00 2.4532000000e-02 2.1990000000e+03 0.0000000000e+00 1.0000000000e+00 0.0000000000e+00
3.1000000000e+01 -1.0000000000e+00 3.1308000000e-02 1.6590000000e+03 0.0000000000e+00 1.0000000000e+00 0.0000000000e+00
1.6000000000e+01 -1.0000000000e+00 3.8029000000e-02 1.7450000000e+03 0.0000000000e+00 1.0000000000e+00 0.0000000000e+00
1.5000000000e+01 1.5460000000e+01 3.8804000000e-02 2.0009000000e+04 8.4630000000e+03 1.0000000000e+00 2.0000000000e+00
3.0000000000e+00 -1.0000000000e+00 4.0671000000e-02 1.1704000000e+04 0.0000000000e+00 1.0000000000e+00 0.0000000000e+00
2.1000000000e+01 -1.0000000000e+00 4.0861000000e-02 3.5583000000e+04 0.0000000000e+00 1.0000000000e+00 0.0000000000e+00
1.5000000000e+01 1.0430000000e+01 4.2843000000e-02 2.7277000000e+04 1.1788000000e+04 1.0000000000e+00 2.0000000000e+00
1.4000000000e+01 -1.0000000000e+00 4.2847000000e-02 3.5460000000e+03 0.0000000000e+00 1.0000000000e+00 0.0000000000e+00
3.1000000000e+01 -1.0000000000e+00 4.5940000000e-02 1.5100000000e+03 0.0000000000e+00 1.0000000000e+00 0.0000000000e+00
3.0000000000e+00 9.0000000000e+00 3.5780000000e-02 1.7422000000e+04 3.8640000000e+03 1.0000000000e+00 1.0000000000e+00
1.5000000000e+01 2.2710000000e+01 3.8029000000e-02 2.1129000000e+04 1.0277000000e+04 1.0000000000e+00 2.0000000000e+00
1.1000000000e+01 -1.0000000000e+00 7.8800000000e-04 1.7130000000e+03 0.0000000000e+00 1.0000000000e+00 0.0000000000e+00
3.0000000000e+00 1.4310000000e+01 2.8646000000e-02 2.1296000000e+04 7.0560000000e+03 1.0000000000e+00 2.0000000000e+00
8.4400000000e+00 2.4290000000e+01 3.9329000000e-02 5.6245000000e+04 3.0075000000e+04 2.0000000000e+00 3.0000000000e+00
1.0000000000e+01 -1.0000000000e+00 3.9333000000e-02 2.9710000000e+03 0.0000000000e+00 1.0000000000e+00 0.0000000000e+00
8.2200000000e+00 1.0100000000e+01 3.9903000000e-02 3.6165000000e+04 1.8250000000e+04 2.0000000000e+00 3.0000000000e+00
3.1000000000e+01 -1.0000000000e+00 5.2690000000e-03 2.6600000000e+03 0.0000000000e+00 1.0000000000e+00 0.0000000000e+00
9.0000000000e+00 1.6050000000e+01 7.7920000000e-03 4.1101000000e+04 2.6081000000e+04 1.0000000000e+00 3.0000000000e+00
1.0000000000e+01 -1.0000000000e+00 7.7960000000e-03 5.2630000000e+03 0.0000000000e+00 1.0000000000e+00 0.0000000000e+00
2.6660000000e+01 1.0130000000e+01 3.6403000000e-02 2.6461000000e+04 1.2365000000e+04 2.0000000000e+00 3.0000000000e+00
1.5000000000e+01 1.8000000000e+01 3.6813000000e-02 9.2620000000e+03 2.4640000000e+03 1.0000000000e+00 1.0000000000e+00
2.7000000000e+01 -1.0000000000e+00 3.8841000000e-02 9.3330000000e+03 0.0000000000e+00 1.0000000000e+00 0.0000000000e+00
3.0000000000e+00 1.9440000000e+01 5.0217000000e-02 1.8778000000e+04 6.2550000000e+03 1.0000000000e+00 2.0000000000e+00
6.0000000000e+00 -1.0000000000e+00 2.4751000000e-02 1.6140000000e+03 0.0000000000e+00 1.0000000000e+00 0.0000000000e+00
2.7000000000e+01 -1.0000000000e+00 3.6918000000e-02 2.3273000000e+04 0.0000000000e+00 1.0000000000e+00 0.0000000000e+00
3.0000000000e+00 -1.0000000000e+00 3.7253000000e-02 3.3216000000e+04 0.0000000000e+00 1.0000000000e+00 0.0000000000e+00
2.1000000000e+01 2.0340000000e+01 9.2240000000e-03 1.1149000000e+04 4.4440000000e+03 1.0000000000e+00 2.0000000000e+00
2.9000000000e+01 -1.0000000000e+00 1.5762000000e-02 8.3670000000e+03 0.0000000000e+00 1.0000000000e+00 0.0000000000e+00
2.0320000000e+01 2.1000000000e+01 6.7960000000e-03 6.5950000000e+03 5.1700000000e+02 2.0000000000e+00 1.0000000000e+00
8.7600000000e+00 2.1800000000e+01 9.3670000000e-03 3.8924000000e+04 2.0304000000e+04 2.0000000000e+00 3.0000000000e+00
1.4590000000e+01 -1.0000000000e+00 9.1890000000e-03 3.0066000000e+04 0.0000000000e+00 2.0000000000e+00 0.0000000000e+00
9.0000000000e+00 -1.0000000000e+00 1.2731000000e-02 3.9592000000e+04 0.0000000000e+00 1.0000000000e+00 0.0000000000e+00
3.1000000000e+01 -1.0000000000e+00 1.9592000000e-02 1.8080000000e+03 0.0000000000e+00 1.0000000000e+00 0.0000000000e+00
2.0000000000e+00 -1.0000000000e+00 3.9447000000e-02 3.6593000000e+04 0.0000000000e+00 1.0000000000e+00 0.0000000000e+00
3.0000000000e+00 -1.0000000000e+00 3.9452000000e-02 5.0310000000e+03 0.0000000000e+00 1.0000000000e+00 0.0000000000e+00
2.5400000000e+00 -1.0000000000e+00 1.0328000000e-02 3.1946000000e+04 0.0000000000e+00 2.0000000000e+00 0.0000000000e+00
6.0000000000e+00 -1.0000000000e+00 2.8454000000e-02 8.2900000000e+02 0.0000000000e+00 1.0000000000e+00 0.0000000000e+00
1.0000000000e+01 -1.0000000000e+00 1.2735000000e-02 4.5870000000e+03 0.0000000000e+00 1.0000000000e+00 0.0000000000e+00
6.0000000000e+00 -1.0000000000e+00 4.0804000000e-02 4.6600000000e+02 0.0000000000e+00 1.0000000000e+00 0.0000000000e+00
2.1000000000e+01 2.4670000000e+01 4.6672000000e-02 2.0884000000e+04 7.6620000000e+03 1.0000000000e+00 2.0000000000e+00
3.1400000000e+00 1.6180000000e+01 1.5324000000e-02 4.7163000000e+04 1.4769000000e+04 2.0000000000e+00 2.0000000000e+00
2.0000000000e+00 -1.0000000000e+00 1.5329000000e-02 5.3830000000e+03 0.0000000000e+00 1.0000000000e+00 0.0000000000e+00
2.0000000000e+01 -1.0000000000e+00 4.3858000000e-02 3.9040000000e+03 0.0000000000e+00 1.0000000000e+00 0.0000000000e+00
2.2000000000e+00 -1.0000000000e+00 7.2050000000e-03 3.1868000000e+04 0.0000000000e+00 2.0000000000e+00 0.0000000000e+00
6.0000000000e+00 -1.0000000000e+00 3.7565000000e-02 1.7530000000e+03 0.0000000000e+00 1.0000000000e+00 0.0000000000e+00
3.0000000000e+00 -1.0000000000e+00 3.9189000000e-02 1.1326000000e+04 0.0000000000e+00 1.0000000000e+00 0.0000000000e+00
8.0000000000e+00 2.0790000000e+01 1.3012000000e-02 3.5789000000e+04 1.6885000000e+04 1.0000000000e+00 3.0000000000e+00
8.0000000000e+00 1.5460000000e+01 3.9270000000e-02 1.5805000000e+04 7.0010000000e+03 1.0000000000e+00 2.0000000000e+00
9.0000000000e+00 1.0020000000e+01 7.8760000000e-03 3.7498000000e+04 2.2360000000e+04 1.0000000000e+00 3.0000000000e+00
1.0000000000e+01 -1.0000000000e+00 7.8790000000e-03 3.9500000000e+03 0.0000000000e+00 1.0000000000e+00 0.0000000000e+00
2.7520000000e+01 7.7800000000e+00 1.3833000000e-02 3.5537000000e+04 1.5930000000e+04 2.0000000000e+00 3.0000000000e+00
3.1000000000e+01 -1.0000000000e+00 2.5597000000e-02 1.3690000000e+03 0.0000000000e+00 1.0000000000e+00 0.0000000000e+00
8.4100000000e+00 -1.0000000000e+00 3.9133000000e-02 3.9926000000e+04 0.0000000000e+00 2.0000000000e+00 0.0000000000e+00
3.3300000000e+00 -1.0000000000e+00 7.7820000000e-03 2.5454000000e+04 0.0000000000e+00 2.0000000000e+00 0.0000000000e+00
9.0000000000e+00 -1.0000000000e+00 1.7113000000e-02 1.0317000000e+04 0.0000000000e+00 1.0000000000e+00 0.0000000000e+00
2.1000000000e+01 -1.0000000000e+00 4.0824000000e-02 2.4229000000e+04 0.0000000000e+00 1.0000000000e+00 0.0000000000e+00
2.1000000000e+01 -1.0000000000e+00 4.1521000000e-02 1.2090000000e+03 0.0000000000e+00 1.0000000000e+00 0.0000000000e+00
3.1000000000e+01 -1.0000000000e+00 4.6657000000e-02 6.7200000000e+02 0.0000000000e+00 1.0000000000e+00 0.0000000000e+00
1.5000000000e+01 1.1620000000e+01 1.1127000000e-02 2.7496000000e+04 1.0967000000e+04 1.0000000000e+00 2.0000000000e+00
1.4000000000e+01 -1.0000000000e+00 1.1131000000e-02 3.7980000000e+03 0.0000000000e+00 1.0000000000e+00 0.0000000000e+00
3.1800000000e+00 -1.0000000000e+00 1.7402000000e-02 2.6516000000e+04 0.0000000000e+00 2.0000000000e+00 0.0000000000e+00
3.1200000000e+00 -1.0000000000e+00 3.6427000000e-02 3.4624000000e+04 0.0000000000e+00 2.0000000000e+00 0.0000000000e+00
2.7000000000e+01 -1.0000000000e+00 4.6425000000e-02 1.0445000000e+04 0.0000000000e+00 1.0000000000e+00 0.0000000000e+00
3.1000000000e+01 -1.0000000000e+00 4.9848000000e-02 4.6520000000e+03 0.0000000000e+00 1.0000000000e+00 0.0000000000e+00
1.5080000000e+01 1.0350000000e+01 7.1310000000e-03 1.9713000000e+04 8.8190000000e+03 2.0000000000e+00 2.0000000000e+00
1.5580000000e+01 1.5000000000e+01 4.9859000000e-02 3.7967000000e+04 1.9588000000e+04 2.0000000000e+00 3.0000000000e+00
1.4000000000e+01 1.5340000000e+01 1.2643000000e-02 1.9333000000e+04 8.1670000000e+03 1.0000000000e+00 2.0000000000e+00
8.0000000000e+00 -1.0000000000e+00 4.5738000000e-02 7.3700000000e+02 0.0000000000e+00 1.0000000000e+00 0.0000000000e+00
2.1000000000e+01 -1.0000000000e+00 4.5945000000e-02 6.0490000000e+03 0.0000000000e+00 1.0000000000e+00 0.0000000000e+00
8.5100000000e+00 1.6490000000e+01 9.9030000000e-03 1.5734000000e+04 7.3600000000e+03 2.0000000000e+00 2.0000000000e+00
3.1000000000e+01 -1.0000000000e+00 3.5825000000e-02 3.2470000000e+03 0.0000000000e+00 1.0000000000e+00 0.0000000000e+00
2.0310000000e+01 -1.0000000000e+00 4.0512000000e-02 3.9948000000e+04 0.0000000000e+00 2.0000000000e+00 0.0000000000e+00
1.5000000000e+01 -1.0000000000e+00 7.7650000000e-03 3.0720000000e+03 0.0000000000e+00 1.0000000000e+00 0.0000000000e+00
2.0000000000e+01 -1.0000000000e+00 3.6722000000e-02 2.6920000000e+03 0.0000000000e+00 1.0000000000e+00 0.0000000000e+00
2.0000000000e+00 -1.0000000000e+00 6.5120000000e-03 5.2700000000e+03 0.0000000000e+00 1.0000000000e+00 0.0000000000e+00
2.0150000000e+01 2.3000000000e+01 2.1484000000e-02 2.3779000000e+04 2.6270000000e+03 2.0000000000e+00 1.0000000000e+00
2.0690000000e+01 9.5300000000e+00 3.7926000000e-02 4.1495000000e+04 2.0686000000e+04 2.0000000000e+00 4.0000000000e+00
2.6000000000e+01 -1.0000000000e+00 4.1701000000e-02 1.6140000000e+03 0.0000000000e+00 1.0000000000e+00 0.0000000000e+00
2.7000000000e+01 1.3000000000e+01 8.3500000000e-03 1.0516000000e+04 2.3070000000e+03 1.0000000000e+00 1.0000000000e+00
2.7000000000e+01 1.5000000000e+01 3.8429000000e-02 1.8768000000e+04 4.8110000000e+03 1.0000000000e+00 1.0000000000e+00
2.7000000000e+01 7.9500000000e+00 6.5870000000e-03 3.7139000000e+04 1.7354000000e+04 1.0000000000e+00 3.0000000000e+00
8.7400000000e+00 1.5480000000e+01 6.7340000000e-03 1.8554000000e+04 8.4240000000e+03 2.0000000000e+00 2.0000000000e+00
2.0000000000e+00 -1.0000000000e+00 8.4610000000e-03 1.0421000000e+04 0.0000000000e+00 1.0000000000e+00 0.0000000000e+00
1.3000000000e+01 -1.0000000000e+00 1.0012000000e-02 1.4050000000e+03 0.0000000000e+00 1.0000000000e+00 0.0000000000e+00
2.6790000000e+01 2.5620000000e+01 1.1474000000e-02 2.4712000000e+04 9.1570000000e+03 2.0000000000e+00 2.0000000000e+00
2.1600000000e+00 2.1120000000e+01 2.1951000000e-02 4.3110000000e+04 1.7465000000e+04 2.0000000000e+00 3.0000000000e+00
8.7700000000e+00 1.1660000000e+01 4.2270000000e-02 2.7475000000e+04 1.3288000000e+04 2.0000000000e+00 3.0000000000e+00
9.0000000000e+00 1.0240000000e+01 4.2207000000e-02 1.7487000000e+04 6.6880000000e+03 1.0000000000e+00 2.0000000000e+00
