4.0300000000e+00 1.1460000000e+01 7.1280000000e-03 2.9798000000e+04 1.1030000000e+04 2.0000000000e+00 2.0000000000e+00
2.2000000000e+01 -1.0000000000e+00 1.5879000000e-02 4.9350000000e+03 0.0000000000e+00 1.0000000000e+00 0.0000000000e+00
3.0000000000e+00 -1.0000000000e+00 3.6260000000e-02 8.3400000000e+03 0.0000000000e+00 1.0000000000e+00 0.0000000000e+00
2.8000000000e+01 -1.0000000000e+00 3.7882000000e-02 3.0512000000e+04 0.0000000000e+00 1.0000000000e+00 0.0000000000e+00
2.1000000000e+01 1.4510000000e+01 4.2301000000e-02 3.7264000000e+04 2.3885000000e+04 1.0000000000e+00 4.0000000000e+00
4.0000000000e+00 -1.0000000000e+00 4.6852000000e-02 1.5206000000e+04 0.0000000000e+00 1.0000000000e+00 0.0000000000e+00
1.2000000000e+01 -1.0000000000e+00 1.4434000000e-02 1.1250000000e+03 0.0000000000e+00 1.0000000000e+00 0.0000000000e+00
2.1000000000e+01 -1.0000000000e+00 1.4556000000e-02 3.0650000000e+03 0.0000000000e+00 1.0000000000e+00 0.0000000000e+00
1.0000000000e+01 1.1270000000e+01 3.9421000000e-02 2.4950000000e+04 9.2350000000e+03 1.0000000000e+00 2.0000000000e+00
2.2000000000e+01 -1.0000000000e+00 3.9924000000e-02 1.4942000000e+04 0.0000000000e+00 1.0000000000e+00 0.0000000000e+00
1.1000000000e+01 -1.0000000000e+00 9.8570000000e-03 4.6450000000e+03 0.0000000000e+00 1.0000000000e+00 0.0000000000e+00
0.0000000000e+00 -1.0000000000e+00 5.0563000000e-02 1.2040000000e+03 0.0000000000e+00 1.0000000000e+00 0.0000000000e+00
2.0000000000e+00 -1.0000000000e+00 4.2322000000e-02 1.5530000000e+03 0.0000000000e+00 1.0000000000e+00 0.0000000000e+00
4.0000000000e+00 -1.0000000000e+00 7.7240000000e-03 3.2320000000e+03 0.0000000000e+00 1.0000000000e+00 0.0000000000e+00
2.2460000000e+01 -1.0000000000e+00 1.1140000000e-02 1.8804000000e+04 0.0000000000e+00 2.0000000000e+00 0.0000000000e+00
1.0000000000e+01 2.1570000000e+01 3.9875000000e-02 2.0483000000e+04 9.2230000000e+03 1.0000000000e+00 2.0000000000e+00
1.0000000000e+01 -1.0000000000e+00 1.0635000000e-02 8.6000000000e+03 0.0000000000e+00 1.0000000000e+00 0.0000000000e+00
2.8000000000e+01 1.1000000000e+01 1.9073000000e-02 1.1520000000e+04 2.8290000000e+03 1.0000000000e+00 1.0000000000e+00
1.0000000000e+01 -1.0000000000e+00 4.0074000000e-02 2.0084000000e+04 0.0000000000e+00 1.0000000000e+00 0.0000000000e+00
1.5000000000e+01 -1.0000000000e+00 4.3364000000e-02 2.4224000000e+04 0.0000000000e+00 1.0000000000e+00 0.0000000000e+00
3.0000000000e+00 -1.0000000000e+00 1.1826000000e-02 1.9320000000e+03 0.0000000000e+00 1.0000000000e+00 0.0000000000e+00
2.2340000000e+01 1.4810000000e+01 1.3946000000e-02 4.3454000000e+04 2.3321000000e+04 2.0000000000e+00 3.0000000000e+00
4.0000000000e+00 1.0680000000e+01 3.9326000000e-02 4.0613000000e+04 1.8143000000e+04 1.0000000000e+00 3.0000000000e+00
5.0000000000e+00 -1.0000000000e+00 3.9330000000e-02 5.5290000000e+03 0.0000000000e+00 1.0000000000e+00 0.0000000000e+00
4.0000000000e+00 1.4880000000e+01 4.0958000000e-02 3.4095000000e+04 1.5466000000e+04 1.0000000000e+00 3.0000000000e+00
2.3000000000e+01 -1.0000000000e+00 5.0281000000e-02 1.5390000000e+03 0.0000000000e+00 1.0000000000e+00 0.0000000000e+00
1.4000000000e+01 -1.0000000000e+00 1.5432000000e-02 9.5400000000e+02 0.0000000000e+00 1.0000000000e+00 0.0000000000e+00
1.0000000000e+01 -1.0000000000e+00 9.8220000000e-03 2.1068000000e+04 0.0000000000e+00 1.0000000000e+00 0.0000000000e+00
2.8000000000e+01 -1.0000000000e+00 1.5428000000e-02 2.0240000000e+03 0.0000000000e+00 1.0000000000e+00 0.0000000000e+00
1.5790000000e+01 -1.0000000000e+00 3.9278000000e-02 2.5473000000e+04 0.0000000000e+00 2.0000000000e+00 0.0000000000e+00
1.6000000000e+01 -1.0000000000e+00 4.3049000000e-02 1.3070000000e+03 0.0000000000e+00 1.0000000000e+00 0.0000000000e+00
4.0000000000e+00 1.9410000000e+01 4.3358000000e-02 3.5467000000e+04 1.3041000000e+04 1.0000000000e+00 2.0000000000e+00
1.0000000000e+00 -1.0000000000e+00 4.3591000000e-02 1.6510000000e+03 0.0000000000e+00 1.0000000000e+00 0.0000000000e+00
2.2000000000e+01 1.6000000000e+01 5.2484000000e-02 2.9247000000e+04 5.7500000000e+03 1.0000000000e+00 1.0000000000e+00
3.1000000000e+01 -1.0000000000e+00 5.6420000000e-03 1.7350000000e+03 0.0000000000e+00 1.0000000000e+00 0.0000000000e+00
9.0000000000e+00 1.4000000000e+01 1.5468000000e-02 7.8090000000e+03 2.4330000000e+03 1.0000000000e+00 1.0000000000e+00
4.0000000000e+00 1.6390000000e+01 1.8325000000e-02 1.3468000000e+04 4.2740000000e+03 1.0000000000e+00 2.0000000000e+00
2.2000000000e+01 -1.0000000000e+00 4.2666000000e-02 3.3670000000e+03 0.0000000000e+00 1.0000000000e+00 0.0000000000e+00
1.6000000000e+01 8.0800000000e+00 4.6883000000e-02 3.6974000000e+04 1.9021000000e+04 1.0000000000e+00 3.0000000000e+00
2.5000000000e+01 -1.0000000000e+00 5.4469000000e-02 1.3620000000e+03 0.0000000000e+00 1.0000000000e+00 0.0000000000e+00
3.1000000000e+01 -1.0000000000e+00 6.5940000000e-03 1.7520000000e+03 0.0000000000e+00 1.0000000000e+00 0.0000000000e+00
3.1000000000e+01 -1.0000000000e+00 3.4770000000e-02 1.6540000000e+03 0.0000000000e+00 1.0000000000e+00 0.0000000000e+00
1.8000000000e+01 -1.0000000000e+00 3.9816000000e-02 1.6240000000e+03 0.0000000000e+00 1.0000000000e+00 0.0000000000e+00
3.1000000000e+01 -1.0000000000e+00 1.1023000000e-02 2.1390000000e+03 0.0000000000e+00 1.0000000000e+00 0.0000000000e+00
2.2890000000e+01 1.1730000000e+01 1.5690000000e-02 3.4251000000e+04 1.6994000000e+04 2.0000000000e+00 3.0000000000e+00
4.2100000000e+00 2.0820000000e+01 4.5079000000e-02 4.0670000000e+04 1.8504000000e+04 2.0000000000e+00 3.0000000000e+00
4.0000000000e+00 2.1960000000e+01 3.9898000000e-02 1.9605000000e+04 7.8110000000e+03 1.0000000000e+00 3.0000000000e+00
9.0000000000e+00 -1.0000000000e+00 3.9926000000e-02 1.6702000000e+04 0.0000000000e+00 1.0000000000e+00 0.0000000000e+00
1.5000000000e+01 8.0000000000e+00 2.1839000000e-02 3.9110000000e+04 4.5300000000e+03 1.0000000000e+00 1.0000000000e+00
1.6180000000e+01 9.0000000000e+00 4.3554000000e-02 9.9330000000e+03 3.0510000000e+03 2.0000000000e+00 1.0000000000e+00
1.0190000000e+01 -1.0000000000e+00 9.6650000000e-03 3.5214000000e+04 0.0000000000e+00 2.0000000000e+00 0.0000000000e+00
2.2200000000e+01 1.2500000000e+01 1.1731000000e-02 2.2200000000e+04 1.0222000000e+04 2.0000000000e+00 2.0000000000e+00
4.0000000000e+00 2.2100000000e+01 3.7399000000e-02 3.9306000000e+04 1.8875000000e+04 1.0000000000e+00 3.0000000000e+00
5.0000000000e+00 -1.0000000000e+00 3.7404000000e-02 5.5030000000e+03 0.0000000000e+00 1.0000000000e+00 0.0000000000e+00
2.2150000000e+01 1.1480000000e+01 4.3560000000e-02 2.6207000000e+04 1.1907000000e+04 2.0000000000e+00 2.0000000000e+00
2.2320000000e+01 2.0560000000e+01 8.2240000000e-03 7.0280000000e+03 3.4650000000e+03 2.0000000000e+00 2.0000000000e+00
3.0000000000e+00 -1.0000000000e+00 1.8603000000e-02 1.6310000000e+03 0.0000000000e+00 1.0000000000e+00 0.0000000000e+00
6.0000000000e+00 -1.0000000000e+00 4.9830000000e-02 1.2690000000e+03 0.0000000000e+00 1.0000000000e+00 0.0000000000e+00
2.8000000000e+01 -1.0000000000e+00 3.6824000000e-02 3.4921000000e+04 0.0000000000e+00 1.0000000000e+00 0.0000000000e+00
2.9000000000e+01 -1.0000000000e+00 3.6828000000e-02 4.1740000000e+03 0.0000000000e+00 1.0000000000e+00 0.0000000000e+00
4.0000000000e+00 -1.0000000000e+00 4.8554000000e-02 3.3350000000e+03 0.0000000000e+00 1.0000000000e+00 0.0000000000e+00
1.0000000000e+01 -1.0000000000e+00 4.8654000000e-02 2.0830000000e+03 0.0000000000e+00 1.0000000000e+00 0.0000000000e+00
0.0000000000e+00 -1.0000000000e+00 1.7390000000e-03 1.6790000000e+03 0.0000000000e+00 1.0000000000e+00 0.0000000000e+00
1.0000000000e+01 1.5110000000e+01 1.0736000000e-02 2.3496000000e+04 1.2984000000e+04 1.0000000000e+00 3.0000000000e+00
7.0000000000e+00 -1.0000000000e+00 1.3686000000e-02 1.2360000000e+03 0.0000000000e+00 1.0000000000e+00 0.0000000000e+00
4.0000000000e+00 1.7570000000e+01 4.5299000000e-02 2.3697000000e+04 8.4210000000e+03 1.0000000000e+00 2.0000000000e+00
1.1000000000e+01 -1.0000000000e+00 5.4670000000e-03 1.5060000000e+03 0.0000000000e+00 1.0000000000e+00 0.0000000000e+00
1.8000000000e+01 -1.0000000000e+00 1.3493000000e-02 1.6500000000e+03 0.0000000000e+00 1.0000000000e+00 0.0000000000e+00
3.0000000000e+00 2.0230000000e+01 1.4083000000e-02 2.9742000000e+04 1.3512000000e+04 1.0000000000e+00 3.0000000000e+00
2.0000000000e+00 -1.0000000000e+00 1.4087000000e-02 4.7740000000e+03 0.0000000000e+00 1.0000000000e+00 0.0000000000e+00
1.3000000000e+01 -1.0000000000e+00 5.7261000000e-02 9.1000000000e+02 0.0000000000e+00 1.0000000000e+00 0.0000000000e+00
2.2000000000e+01 -1.0000000000e+00 1.1296000000e-02 3.5360000000e+04 0.0000000000e+00 1.0000000000e+00 0.0000000000e+00
3.1000000000e+01 -1.0000000000e+00 1.5171000000e-02 1.8570000000e+03 0.0000000000e+00 1.0000000000e+00 0.0000000000e+00
2.2740000000e+01 -1.0000000000e+00 1.5215000000e-02 4.0775000000e+04 0.0000000000e+00 2.0000000000e+00 0.0000000000e+00
1.6000000000e+01 -1.0000000000e+00 3.7919000000e-02 2.1170000000e+03 0.0000000000e+00 1.0000000000e+00 0.0000000000e+00
9.5900000000e+00 1.3650000000e+01 4.2896000000e-02 2.0925000000e+04 9.6060000000e+03 2.0000000000e+00 2.0000000000e+00
1.0000000000e+00 -1.0000000000e+00 3.3500000000e-04 1.1320000000e+03 0.0000000000e+00 1.0000000000e+00 0.0000000000e+00
4.0000000000e+00 1.8000000000e+01 8.7240000000e-03 1.6874000000e+04 3.9550000000e+03 1.0000000000e+00 1.0000000000e+00
8.6000000000e+00 -1.0000000000e+00 1.2348000000e-02 4.9158000000e+04 0.0000000000e+00 2.0000000000e+00 0.0000000000e+00
1.0000000000e+00 -1.0000000000e+00 3.0995000000e-02 1.3040000000e+03 0.0000000000e+00 1.0000000000e+00 0.0000000000e+00
1.0000000000e+01 -1.0000000000e+00 4.4669000000e-02 7.9860000000e+03 0.0000000000e+00 1.0000000000e+00 0.0000000000e+00
4.2000000000e+00 -1.0000000000e+00 8.6390000000e-03 7.9440000000e+03 0.0000000000e+00 2.0000000000e+00 0.0000000000e+00
2.2000000000e+01 -1.0000000000e+00 1.2576000000e-02 3.6493000000e+04 0.0000000000e+00 1.0000000000e+00 0.0000000000e+00
3.4000000000e+00 -1.0000000000e+00 1.3274000000e-02 3.9641000000e+04 0.0000000000e+00 2.0000000000e+00 0.0000000000e+00
2.0000000000e+00 -1.0000000000e+00 1.3278000000e-02 4.3860000000e+03 0.0000000000e+00 1.0000000000e+00 0.0000000000e+00
9.5400000000e+00 -1.0000000000e+00 1.3617000000e-02 4.0879000000e+04 0.0000000000e+00 2.0000000000e+00 0.0000000000e+00
9.0000000000e+00 1.5000000000e+01 3.8271000000e-02 2.4315000000e+04 6.1460000000e+03 1.0000000000e+00 1.0000000000e+00
3.0000000000e+01 -1.0000000000e+00 4.9194000000e-02 1.6920000000e+03 0.0000000000e+00 1.0000000000e+00 0.0000000000e+00
2.1640000000e+01 -1.0000000000e+00 9.4810000000e-03 2.6662000000e+04 0.0000000000e+00 2.0000000000e+00 0.0000000000e+00
2.2170000000e+01 2.1560000000e+01 5.3917000000e-02 9.6530000000e+03 4.5030000000e+03 2.0000000000e+00 2.0000000000e+00
1.6000000000e+01 -1.0000000000e+00 8.0590000000e-03 2.8184000000e+04 0.0000000000e+00 1.0000000000e+00 0.0000000000e+00
2.2000000000e+01 -1.0000000000e+00 3.7454000000e-02 3.1600000000e+04 0.0000000000e+00 1.0000000000e+00 0.0000000000e+00
9.3800000000e+00 8.5500000000e+00 4.0187000000e-02 2.6048000000e+04 1.0920000000e+04 2.0000000000e+00 2.0000000000e+00
3.0000000000e+00 1.0490000000e+01 4.3181000000e-02 1.7411000000e+04 6.0100000000e+03 1.0000000000e+00 2.0000000000e+00
3.8700000000e+00 1.9270000000e+01 5.0683000000e-02 1.6669000000e+04 5.7540000000e+03 2.0000000000e+00 2.0000000000e+00
1.6360000000e+01 1.1000000000e+01 4.1141000000e-02 7.5950000000e+03 1.7980000000e+03 2.0000000000e+00 1.0000000000e+00
1.3000000000e+01 -1.0000000000e+00 4.4120000000e-02 1.6520000000e+03 0.0000000000e+00 1.0000000000e+00 0.0000000000e+00
2.7000000000e+01 -1.0000000000e+00 5.6298000000e-02 1.7220000000e+03 0.0000000000e+00 1.0000000000e+00 0.0000000000e+00
9.6800000000e+00 -1.0000000000e+00 1.8216000000e-02 3.1786000000e+04 0.0000000000e+00 2.0000000000e+00 0.0000000000e+00
2.2000000000e+01 -1.0000000000e+00 3.7003000000e-02 3.2420000000e+03 0.0000000000e+00 1.0000000000e+00 0.0000000000e+00
4.0700000000e+00 7.5500000000e+00 3.9137000000e-02 1.5300000000e+04 5.3940000000e+03 2.0000000000e+00 2.0000000000e+00
1.3000000000e+01 -1.0000000000e+00 1.1670000000e-03 1.0700000000e+03 0.0000000000e+00 1.0000000000e+00 0.0000000000e+00
5.1500000000e+00 2.7000000000e+01 5.2610000000e-03 3.7166000000e+04 1.6890000000e+04 3.0000000000e+00 3.0000000000e+00
1.5000000000e+01 -1.0000000000e+00 7.3900000000e-03 7.4680000000e+03 0.0000000000e+00 1.0000000000e+00 0.0000000000e+00
2.2000000000e+01 2.1640000000e+01 1.0995000000e-02 1.5755000000e+04 6.2000000000e+03 1.0000000000e+00 2.0000000000e+00
4.0000000000e+00 -1.0000000000e+00 3.9612000000e-02 3.6510000000e+03 0.0000000000e+00 1.0000000000e+00 0.0000000000e+00
2.7070000000e+01 8.5000000000e+00 4.1207000000e-02 3.6002000000e+04 1.4352000000e+04 2.0000000000e+00 2.0000000000e+00
2.6000000000e+01 -1.0000000000e+00 4.1212000000e-02 4.5070000000e+03 0.0000000000e+00 1.0000000000e+00 0.0000000000e+00
3.2100000000e+00 1.6120000000e+01 4.1302000000e-02 3.6100000000e+04 1.5995000000e+04 2.0000000000e+00 3.0000000000e+00
2.0000000000e+00 -1.0000000000e+00 4.1306000000e-02 5.0200000000e+03 0.0000000000e+00 1.0000000000e+00 0.0000000000e+00
2.8240000000e+01 1.0280000000e+01 4.2728000000e-02 3.2283000000e+04 1.2855000000e+04 2.0000000000e+00 3.0000000000e+00
1.6000000000e+01 1.5000000000e+01 7.3900000000e-03 8.5190000000e+03 4.6180000000e+03 1.0000000000e+00 1.0000000000e+00
4.0000000000e+00 2.0430000000e+01 8.8090000000e-03 1.1665000000e+04 4.4350000000e+03 1.0000000000e+00 2.0000000000e+00
6.0000000000e+00 -1.0000000000e+00 4.5332000000e-02 2.0960000000e+03 0.0000000000e+00 1.0000000000e+00 0.0000000000e+00
1.8000000000e+01 -1.0000000000e+00 5.9320000000e-02 1.2570000000e+03 0.0000000000e+00 1.0000000000e+00 0.0000000000e+00
1.0000000000e+01 1.9000000000e+01 7.5050000000e-03 8.7140000000e+03 2.5470000000e+03 1.0000000000e+00 1.0000000000e+00
2.0000000000e+00 -1.0000000000e+00 7.8280000000e-03 5.9220000000e+03 0.0000000000e+00 1.0000000000e+00 0.0000000000e+00
0.0000000000e+00 -1.0000000000e+00 9.5700000000e-03 1.0450000000e+03 0.0000000000e+00 1.0000000000e+00 0.0000000000e+00
3.1000000000e+01 -1.0000000000e+00 1.9792000000e-02 3.4860000000e+03 0.0000000000e+00 1.0000000000e+00 0.0000000000e+00
0.0000000000e+00 -1.0000000000e+00 5.3357000000e-02 1.3740000000e+03 0.0000000000e+00 1.0000000000e+00 0.0000000000e+00
8.0000000000e+00 -1.0000000000e+00 2.2820000000e-03 2.2210000000e+03 0.0000000000e+00 1.0000000000e+00 0.0000000000e+00
2.1000000000e+01 -1.0000000000e+00 9.9640000000e-03 1.4690000000e+03 0.0000000000e+00 1.0000000000e+00 0.0000000000e+00
3.1000000000e+01 -1.0000000000e+00 1.1791000000e-02 2.0530000000e+03 0.0000000000e+00 1.0000000000e+00 0.0000000000e+00
1.0000000000e+01 -1.0000000000e+00 3.9327000000e-02 3.7598000000e+04 0.0000000000e+00 1.0000000000e+00 0.0000000000e+00
4.2500000000e+00 1.1530000000e+01 4.0955000000e-02 3.7371000000e+04 1.7109000000e+04 2.0000000000e+00 4.0000000000e+00
1.6000000000e+01 1.1050000000e+01 4.2322000000e-02 7.0120000000e+03 1.6367000000e+04 1.0000000000e+00 3.0000000000e+00
1.0000000000e+01 -1.0000000000e+00 4.5991000000e-02 1.9120000000e+03 0.0000000000e+00 1.0000000000e+00 0.0000000000e+00
8.0000000000e+00 -1.0000000000e+00 1.2352000000e-02 1.6250000000e+03 0.0000000000e+00 1.0000000000e+00 0.0000000000e+00
3.0000000000e+00 -1.0000000000e+00 1.3680000000e-02 2.3082000000e+04 0.0000000000e+00 1.0000000000e+00 0.0000000000e+00
1.5000000000e+01 -1.0000000000e+00 4.2322000000e-02 2.7953000000e+04 0.0000000000e+00 1.0000000000e+00 0.0000000000e+00
1.0690000000e+01 2.1000000000e+01 1.4964000000e-02 1.2966000000e+04 2.6710000000e+03 2.0000000000e+00 1.0000000000e+00
2.2630000000e+01 -1.0000000000e+00 4.2115000000e-02 5.0140000000e+03 0.0000000000e+00 2.0000000000e+00 0.0000000000e+00
1.6000000000e+01 -1.0000000000e+00 9.1160000000e-03 5.7390000000e+03 0.0000000000e+00 1.0000000000e+00 0.0000000000e+00
1.0000000000e+00 -1.0000000000e+00 2.7023000000e-02 1.5860000000e+03 0.0000000000e+00 1.0000000000e+00 0.0000000000e+00
0.0000000000e+00 -1.0000000000e+00 3.4722000000e-02 1.5350000000e+03 0.0000000000e+00 1.0000000000e+00 0.0000000000e+00
2.8000000000e+01 -1.0000000000e+00 4.2042000000e-02 2.6920000000e+03 0.0000000000e+00 1.0000000000e+00 0.0000000000e+00
3.1000000000e+01 -1.0000000000e+00 4.7580000000e-02 3.0220000000e+03 0.0000000000e+00 1.0000000000e+00 0.0000000000e+00
4.0000000000e+00 -1.0000000000e+00 6.7740000000e-03 3.4822000000e+04 0.0000000000e+00 1.0000000000e+00 0.0000000000e+00
5.0000000000e+00 -1.0000000000e+00 6.7790000000e-03 4.7160000000e+03 0.0000000000e+00 1.0000000000e+00 0.0000000000e+00
1.7000000000e+01 -1.0000000000e+00 7.9370000000e-03 1.4870000000e+03 0.0000000000e+00 1.0000000000e+00 0.0000000000e+00
1.5580000000e+01 2.0130000000e+01 3.8279000000e-02 2.6538000000e+04 1.2938000000e+04 2.0000000000e+00 3.0000000000e+00
4.0000000000e+00 1.1440000000e+01 4.0025000000e-02 1.7605000000e+04 6.8160000000e+03 1.0000000000e+00 2.0000000000e+00
2.8000000000e+01 -1.0000000000e+00 4.3951000000e-02 2.4119000000e+04 0.0000000000e+00 1.0000000000e+00 0.0000000000e+00
4.0000000000e+00 1.2430000000e+01 1.2056000000e-02 2.6001000000e+04 9.1480000000e+03 1.0000000000e+00 2.0000000000e+00
1.9000000000e+01 -1.0000000000e+00 2.7467000000e-02 1.6690000000e+03 0.0000000000e+00 1.0000000000e+00 0.0000000000e+00
1.6000000000e+01 8.6700000000e+00 7.4360000000e-03 2.6617000000e+04 1.0186000000e+04 1.0000000000e+00 2.0000000000e+00
1.6900000000e+01 7.3800000000e+00 4.0591000000e-02 3.3217000000e+04 1.3448000000e+04 2.0000000000e+00 2.0000000000e+00
1.5870000000e+01 -1.0000000000e+00 3.6512000000e-02 1.0211000000e+04 0.0000000000e+00 2.0000000000e+00 0.0000000000e+00
1.9000000000e+01 -1.0000000000e+00 2.4856000000e-02 1.2660000000e+03 0.0000000000e+00 1.0000000000e+00 0.0000000000e+00
2.1000000000e+01 -1.0000000000e+00 5.2550000000e-03 1.5770000000e+03 0.0000000000e+00 1.0000000000e+00 0.0000000000e+00
1.5800000000e+01 9.1700000000e+00 1.0154000000e-02 4.3299000000e+04 2.2181000000e+04 2.0000000000e+00 3.0000000000e+00
1.7000000000e+01 -1.0000000000e+00 1.0158000000e-02 5.2130000000e+03 0.0000000000e+00 1.0000000000e+00 0.0000000000e+00
2.3160000000e+01 2.1300000000e+01 3.6786000000e-02 3.5400000000e+04 1.7823000000e+04 2.0000000000e+00 3.0000000000e+00
1.0620000000e+01 1.4900000000e+01 6.4500000000e-03 4.6453000000e+04 2.4918000000e+04 2.0000000000e+00 3.0000000000e+00
1.0000000000e+01 1.6850000000e+01 3.9381000000e-02 3.4771000000e+04 1.7765000000e+04 1.0000000000e+00 3.0000000000e+00
1.1000000000e+01 -1.0000000000e+00 3.9386000000e-02 4.2420000000e+03 0.0000000000e+00 1.0000000000e+00 0.0000000000e+00
4.0000000000e+00 -1.0000000000e+00 1.1313000000e-02 7.0320000000e+03 0.0000000000e+00 1.0000000000e+00 0.0000000000e+00
4.0000000000e+00 -1.0000000000e+00 1.3619000000e-02 2.5951000000e+04 0.0000000000e+00 1.0000000000e+00 0.0000000000e+00
1.0720000000e+01 1.7810000000e+01 3.7540000000e-02 3.5179000000e+04 1.8297000000e+04 2.0000000000e+00 3.0000000000e+00
3.1000000000e+01 -1.0000000000e+00 5.5096000000e-02 2.8080000000e+03 0.0000000000e+00 1.0000000000e+00 0.0000000000e+00
1.0000000000e+00 -1.0000000000e+00 5.9776000000e-02 1.8114000000e+04 0.0000000000e+00 1.0000000000e+00 0.0000000000e+00
2.2000000000e+01 -1.0000000000e+00 1.1646000000e-02 7.5360000000e+03 0.0000000000e+00 1.0000000000e+00 0.0000000000e+00
1.2000000000e+01 -1.0000000000e+00 3.5964000000e-02 1.8950000000e+03 0.0000000000e+00 1.0000000000e+00 0.0000000000e+00
4.0000000000e+00 2.1950000000e+01 4.5064000000e-02 3.2615000000e+04 1.4024000000e+04 1.0000000000e+00 3.0000000000e+00
2.2000000000e+01 -1.0000000000e+00 4.0837000000e-02 3.8820000000e+03 0.0000000000e+00 1.0000000000e+00 0.0000000000e+00
4.0000000000e+00 1.9270000000e+01 4.2313000000e-02 1.9953000000e+04 6.2140000000e+03 1.0000000000e+00 2.0000000000e+00
2.4000000000e+01 -1.0000000000e+00 4.9703000000e-02 1.2730000000e+03 0.0000000000e+00 1.0000000000e+00 0.0000000000e+00
9.0000000000e+00 -1.0000000000e+00 5.0552000000e-02 2.0350000000e+03 0.0000000000e+00 1.0000000000e+00 0.0000000000e+00
2.2000000000e+01 -1.0000000000e+00 3.8890000000e-02 2.0095000000e+04 0.0000000000e+00 1.0000000000e+00 0.0000000000e+00
1.0000000000e+01 -1.0000000000e+00 4.8126000000e-02 1.2398000000e+04 0.0000000000e+00 1.0000000000e+00 0.0000000000e+00
8.0000000000e+00 -1.0000000000e+00 3.9701000000e-02 1.2330000000e+03 0.0000000000e+00 1.0000000000e+00 0.0000000000e+00
1.3000000000e+01 -1.0000000000e+00 4.6591000000e-02 2.0830000000e+03 0.0000000000e+00 1.0000000000e+00 0.0000000000e+00
1.0000000000e+01 -1.0000000000e+00 7.3000000000e-03 1.4712000000e+04 0.0000000000e+00 1.0000000000e+00 0.0000000000e+00
1.6000000000e+01 -1.0000000000e+00 3.9966000000e-02 3.7688000000e+04 0.0000000000e+00 1.0000000000e+00 0.0000000000e+00
1.7000000000e+01 -1.0000000000e+00 3.9970000000e-02 5.8110000000e+03 0.0000000000e+00 1.0000000000e+00 0.0000000000e+00
2.2000000000e+01 -1.0000000000e+00 4.1638000000e-02 1.3098000000e+04 0.0000000000e+00 1.0000000000e+00 0.0000000000e+00
2.3000000000e+01 -1.0000000000e+00 1.0803000000e-02 2.2277000000e+04 0.0000000000e+00 1.0000000000e+00 0.0000000000e+00
4.0000000000e+00 -1.0000000000e+00 1.0962000000e-02 9.4750000000e+03 0.0000000000e+00 1.0000000000e+00 0.0000000000e+00
1.6180000000e+01 2.0380000000e+01 3.9201000000e-02 2.3557000000e+04 1.0233000000e+04 2.0000000000e+00 2.0000000000e+00
1.9700000000e+00 -1.0000000000e+00 4.0982000000e-02 2.3604000000e+04 0.0000000000e+00 2.0000000000e+00 0.0000000000e+00
1.6000000000e+01 -1.0000000000e+00 4.1374000000e-02 1.2442000000e+04 0.0000000000e+00 1.0000000000e+00 0.0000000000e+00
4.0000000000e+00 -1.0000000000e+00 4.1792000000e-02 2.7111000000e+04 0.0000000000e+00 1.0000000000e+00 0.0000000000e+00
1.0860000000e+01 -1.0000000000e+00 8.8900000000e-03 3.8488000000e+04 0.0000000000e+00 2.0000000000e+00 0.0000000000e+00
3.5900000000e+00 1.2180000000e+01 4.2640000000e-02 3.7268000000e+04 1.5397000000e+04 2.0000000000e+00 3.0000000000e+00
4.0000000000e+00 -1.0000000000e+00 4.4803000000e-02 4.2866000000e+04 0.0000000000e+00 1.0000000000e+00 0.0000000000e+00
5.0000000000e+00 -1.0000000000e+00 4.4808000000e-02 6.2350000000e+03 0.0000000000e+00 1.0000000000e+00 0.0000000000e+00
3.3800000000e+00 -1.0000000000e+00 7.0270000000e-03 1.1680000000e+04 0.0000000000e+00 2.0000000000e+00 0.0000000000e+00
4.0000000000e+00 -1.0000000000e+00 9.1730000000e-03 9.5400000000e+03 0.0000000000e+00 1.0000000000e+00 0.0000000000e+00
3.1000000000e+01 -1.0000000000e+00 3.4526000000e-02 3.2810000000e+03 0.0000000000e+00 1.0000000000e+00 0.0000000000e+00
2.5000000000e+01 -1.0000000000e+00 5.4297000000e-02 1.1820000000e+03 0.0000000000e+00 1.0000000000e+00 0.0000000000e+00
2.5000000000e+01 3.1000000000e+01 2.7893000000e-02 1.7766000000e+04 2.8460000000e+03 1.0000000000e+00 1.0000000000e+00
3.1000000000e+01 -1.0000000000e+00 1.6120000000e-02 2.9290000000e+03 0.0000000000e+00 1.0000000000e+00 0.0000000000e+00
2.0000000000e+01 -1.0000000000e+00 5.0698000000e-02 1.6760000000e+03 0.0000000000e+00 1.0000000000e+00 0.0000000000e+00
1.0000000000e+01 -1.0000000000e+00 5.1511000000e-02 1.6840000000e+03 0.0000000000e+00 1.0000000000e+00 0.0000000000e+00
2.7330000000e+01 8.0000000000e+00 1.0082000000e-02 2.9827000000e+04 3.2200000000e+03 2.0000000000e+00 1.0000000000e+00
1.9530000000e+01 -1.0000000000e+00 4.1751000000e-02 3.3450000000e+03 0.0000000000e+00 2.0000000000e+00 0.0000000000e+00
1.0000000000e+01 2.1610000000e+01 1.6558000000e-02 1.5624000000e+04 6.7320000000e+03 1.0000000000e+00 2.0000000000e+00
2.1250000000e+01 -1.0000000000e+00 2.0044000000e-02 2.9836000000e+04 0.0000000000e+00 2.0000000000e+00 0.0000000000e+00
1.3000000000e+01 -1.0000000000e+00 2.3998000000e-02 1.2750000000e+03 0.0000000000e+00 1.0000000000e+00 0.0000000000e+00
4.0000000000e+00 2.5070000000e+01 3.7863000000e-02 4.0815000000e+04 1.9994000000e+04 2.0000000000e+00 3.0000000000e+00
1.6280000000e+01 2.5480000000e+01 2.2830000000e-03 3.3967000000e+04 1.5043000000e+04 2.0000000000e+00 2.0000000000e+00
4.5400000000e+00 -1.0000000000e+00 2.2579000000e-02 1.4860000000e+04 0.0000000000e+00 2.0000000000e+00 0.0000000000e+00
4.0000000000e+00 -1.0000000000e+00 3.9561000000e-02 3.7200000000e+03 0.0000000000e+00 1.0000000000e+00 0.0000000000e+00
4.0000000000e+00 -1.0000000000e+00 4.8430000000e-02 1.7330000000e+03 0.0000000000e+00 1.0000000000e+00 0.0000000000e+00
1.7000000000e+01 -1.0000000000e+00 5.4512000000e-02 1.5720000000e+03 0.0000000000e+00 1.0000000000e+00 0.0000000000e+00
7.0000000000e+00 -1.0000000000e+00 5.9936000000e-02 1.8820000000e+03 0.0000000000e+00 1.0000000000e+00 0.0000000000e+00
2.1330000000e+01 -1.0000000000e+00 1.0722000000e-02 4.1700000000e+04 0.0000000000e+00 2.0000000000e+00 0.0000000000e+00
2.0000000000e+01 -1.0000000000e+00 1.0727000000e-02 4.1180000000e+03 0.0000000000e+00 1.0000000000e+00 0.0000000000e+00
3.0000000000e+00 -1.0000000000e+00 1.2517000000e-02 5.6830000000e+03 0.0000000000e+00 1.0000000000e+00 0.0000000000e+00
9.9000000000e+00 7.4400000000e+00 1.3600000000e-02 2.2303000000e+04 9.1450000000e+03 2.0000000000e+00 2.0000000000e+00
1.3000000000e+01 -1.0000000000e+00 3.2959000000e-02 1.9000000000e+03 0.0000000000e+00 1.0000000000e+00 0.0000000000e+00
1.6000000000e+01 -1.0000000000e+00 3.7095000000e-02 4.1170000000e+03 0.0000000000e+00 1.0000000000e+00 0.0000000000e+00
3.0000000000e+00 1.4000000000e+01 3.9297000000e-02 1.9950000000e+04 4.5720000000e+03 1.0000000000e+00 1.0000000000e+00
9.0300000000e+00 7.1300000000e+00 3.9665000000e-02 3.7806000000e+04 2.0426000000e+04 2.0000000000e+00 3.0000000000e+00
1.6000000000e+01 -1.0000000000e+00 4.4941000000e-02 1.8510000000e+03 0.0000000000e+00 1.0000000000e+00 0.0000000000e+00
1.0000000000e+01 -1.0000000000e+00 1.6780000000e-03 2.1560000000e+03 0.0000000000e+00 1.0000000000e+00 0.0000000000e+00
4.7200000000e+00 1.9000000000e+01 1.9765000000e-02 2.7657000000e+04 5.3200000000e+03 2.0000000000e+00 1.0000000000e+00
1.3000000000e+01 -1.0000000000e+00 3.3270000000e-02 1.1250000000e+03 0.0000000000e+00 1.0000000000e+00 0.0000000000e+00
3.2900000000e+00 1.6000000000e+01 7.5590000000e-03 4.0400000000e+04 3.0510000000e+03 2.0000000000e+00 1.0000000000e+00
2.0000000000e+00 -1.0000000000e+00 7.5630000000e-03 5.3560000000e+03 0.0000000000e+00 1.0000000000e+00 0.0000000000e+00
4.3100000000e+00 1.4730000000e+01 1.2528000000e-02 4.3083000000e+04 1.7146000000e+04 2.0000000000e+00 2.0000000000e+00
2.2000000000e+01 1.6000000000e+01 4.7506000000e-02 2.5424000000e+04 4.2030000000e+03 1.0000000000e+00 1.0000000000e+00
1.6000000000e+01 -1.0000000000e+00 1.1124000000e-02 1.1733000000e+04 0.0000000000e+00 1.0000000000e+00 0.0000000000e+00
1.0000000000e+01 6.7000000000e+00 1.3552000000e-02 4.3665000000e+04 2.0907000000e+04 1.0000000000e+00 2.0000000000e+00
1.1000000000e+01 -1.0000000000e+00 1.3556000000e-02 6.6710000000e+03 0.0000000000e+00 1.0000000000e+00 0.0000000000e+00
1.5000000000e+01 1.6430000000e+01 1.1124000000e-02 1.2199000000e+04 1.0412000000e+04 1.0000000000e+00 2.0000000000e+00
1.0000000000e+01 -1.0000000000e+00 7.0720000000e-03 1.5190000000e+03 0.0000000000e+00 1.0000000000e+00 0.0000000000e+00
1.0000000000e+00 -1.0000000000e+00 1.8840000000e-02 1.5380000000e+03 0.0000000000e+00 1.0000000000e+00 0.0000000000e+00
1.1000000000e+01 -1.0000000000e+00 5.7957000000e-02 1.5890000000e+03 0.0000000000e+00 1.0000000000e+00 0.0000000000e+00
2.2000000000e+01 1.4750000000e+01 7.7850000000e-03 3.3038000000e+04 1.6083000000e+04 1.0000000000e+00 3.0000000000e+00
3.0000000000e+00 -1.0000000000e+00 8.6540000000e-03 2.0458000000e+04 0.0000000000e+00 1.0000000000e+00 0.0000000000e+00
3.0000000000e+00 -1.0000000000e+00 1.1216000000e-02 4.2420000000e+03 0.0000000000e+00 1.0000000000e+00 0.0000000000e+00
2.0000000000e+00 -1.0000000000e+00 1.3264000000e-02 1.1740000000e+03 0.0000000000e+00 1.0000000000e+00 0.0000000000e+00
1.5800000000e+01 1.4890000000e+01 1.8360000000e-02 2.4683000000e+04 1.2981000000e+04 2.0000000000e+00 3.0000000000e+00
2.2590000000e+01 2.1670000000e+01 1.8824000000e-02 1.6571000000e+04 6.9660000000e+03 2.0000000000e+00 2.0000000000e+00
1.0000000000e+01 -1.0000000000e+00 5.5705000000e-02 1.2260000000e+03 0.0000000000e+00 1.0000000000e+00 0.0000000000e+00
2.7000000000e+01 -1.0000000000e+00 5.7028000000e-02 1.1280000000e+03 0.0000000000e+00 1.0000000000e+00 0.0000000000e+00
1.0000000000e+00 -1.0000000000e+00 5.8499000000e-02 8.2800000000e+02 0.0000000000e+00 1.0000000000e+00 0.0000000000e+00
2.2000000000e+01 1.1150000000e+01 9.8240000000e-03 2.9233000000e+04 1.5282000000e+04 1.0000000000e+00 3.0000000000e+00
0.0000000000e+00 -1.0000000000e+00 2.0597000000e-02 1.7950000000e+03 0.0000000000e+00 1.0000000000e+00 0.0000000000e+00
1.0000000000e+01 -1.0000000000e+00 3.8564000000e-02 3.3856000000e+04 0.0000000000e+00 1.0000000000e+00 0.0000000000e+00
9.0000000000e+00 -1.0000000000e+00 4.2298000000e-02 3.5309000000e+04 0.0000000000e+00 1.0000000000e+00 0.0000000000e+00
2.2000000000e+01 -1.0000000000e+00 4.5754000000e-02 4.6180000000e+03 0.0000000000e+00 1.0000000000e+00 0.0000000000e+00
1.6000000000e+01 1.5000000000e+01 4.9722000000e-02 3.8710000000e+04 8.7990000000e+03 1.0000000000e+00 1.0000000000e+00
1.7000000000e+01 -1.0000000000e+00 4.9726000000e-02 5.9600000000e+03 0.0000000000e+00 1.0000000000e+00 0.0000000000e+00
4.0000000000e+00 -1.0000000000e+00 5.9943000000e-02 1.4230000000e+03 0.0000000000e+00 1.0000000000e+00 0.0000000000e+00
3.5800000000e+00 1.2550000000e+01 3.7896000000e-02 3.1820000000e+04 1.1546000000e+04 2.0000000000e+00 2.0000000000e+00
2.2000000000e+01 1.0860000000e+01 3.9526000000e-02 3.6862000000e+04 1.8821000000e+04 1.0000000000e+00 3.0000000000e+00
2.2500000000e+01 2.3000000000e+01 4.4540000000e-02 2.2965000000e+04 1.1976000000e+04 2.0000000000e+00 3.0000000000e+00
4.0000000000e+00 1.5380000000e+01 1.0186000000e-02 1.8435000000e+04 7.7150000000e+03 1.0000000000e+00 2.0000000000e+00
2.2000000000e+01 -1.0000000000e+00 3.7841000000e-02 4.4170000000e+03 0.0000000000e+00 1.0000000000e+00 0.0000000000e+00
3.7800000000e+00 1.9290000000e+01 3.9820000000e-02 2.2297000000e+04 7.6550000000e+03 2.0000000000e+00 2.0000000000e+00
4.0000000000e+00 -1.0000000000e+00 6.4220000000e-03 7.3710000000e+03 0.0000000000e+00 1.0000000000e+00 0.0000000000e+00
1.5000000000e+01 1.8000000000e+01 8.9340000000e-03 5.2840000000e+03 2.8500000000e+03 1.0000000000e+00 1.0000000000e+00
2.2140000000e+01 -1.0000000000e+00 9.9760000000e-03 7.0490000000e+03 0.0000000000e+00 2.0000000000e+00 0.0000000000e+00
3.0000000000e+00 -1.0000000000e+00 4.0596000000e-02 1.0377000000e+04 0.0000000000e+00 1.0000000000e+00 0.0000000000e+00
3.1000000000e+01 -1.0000000000e+00 5.3383000000e-02 1.6760000000e+03 0.0000000000e+00 1.0000000000e+00 0.0000000000e+00
1.6000000000e+01 -1.0000000000e+00 8.9340000000e-03 4.3010000000e+03 0.0000000000e+00 1.0000000000e+00 0.0000000000e+00
2.5000000000e+01 5.8500000000e+00 7.1580000000e-03 3.7524000000e+04 1.6814000000e+04 1.0000000000e+00 3.0000000000e+00
2.2000000000e+01 -1.0000000000e+00 8.3750000000e-03 1.7000000000e+03 0.0000000000e+00 1.0000000000e+00 0.0000000000e+00
1.6000000000e+01 -1.0000000000e+00 9.2060000000e-03 1.5360000000e+03 0.0000000000e+00 1.0000000000e+00 0.0000000000e+00
9.0000000000e+00 9.2200000000e+00 1.0362000000e-02 2.0070000000e+04 8.0070000000e+03 1.0000000000e+00 2.0000000000e+00
1.0000000000e+01 -1.0000000000e+00 6.5490000000e-03 8.1510000000e+03 0.0000000000e+00 1.0000000000e+00 0.0000000000e+00
2.2000000000e+01 1.1830000000e+01 6.8710000000e-03 3.0224000000e+04 1.4386000000e+04 1.0000000000e+00 3.0000000000e+00
1.6000000000e+01 -1.0000000000e+00 1.0776000000e-02 4.0288000000e+04 0.0000000000e+00 1.0000000000e+00 0.0000000000e+00
8.0000000000e+00 -1.0000000000e+00 4.2546000000e-02 1.7060000000e+03 0.0000000000e+00 1.0000000000e+00 0.0000000000e+00
1.0000000000e+01 -1.0000000000e+00 3.8984000000e-02 9.1310000000e+03 0.0000000000e+00 1.0000000000e+00 0.0000000000e+00
3.1000000000e+01 -1.0000000000e+00 2.2010000000e-03 3.5780000000e+03 0.0000000000e+00 1.0000000000e+00 0.0000000000e+00
2.1180000000e+01 9.1700000000e+00 6.4920000000e-03 3.9289000000e+04 1.8801000000e+04 2.0000000000e+00 3.0000000000e+00
1.5000000000e+01 -1.0000000000e+00 1.0780000000e-02 4.4950000000e+03 0.0000000000e+00 1.0000000000e+00 0.0000000000e+00
1.5530000000e+01 1.1380000000e+01 1.6830000000e-02 1.2086000000e+04 5.2180000000e+03 2.0000000000e+00 2.0000000000e+00
4.0000000000e+00 -1.0000000000e+00 4.0548000000e-02 1.5162000000e+04 0.0000000000e+00 1.0000000000e+00 0.0000000000e+00
3.1000000000e+01 -1.0000000000e+00 4.5271000000e-02 1.5840000000e+03 0.0000000000e+00 1.0000000000e+00 0.0000000000e+00
