4.0000000000e+00 7.4900000000e+00 3.6860000000e-02 2.2869000000e+04 9.3260000000e+03 1.0000000000e+00 2.0000000000e+00
1.7000000000e+01 6.7900000000e+00 4.2605000000e-02 3.6779000000e+04 2.0260000000e+04 1.0000000000e+00 3.0000000000e+00
5.0000000000e+00 1.2020000000e+01 4.8683000000e-02 4.6206000000e+04 2.6265000000e+04 1.0000000000e+00 3.0000000000e+00
6.0000000000e+00 -1.0000000000e+00 4.8687000000e-02 3.6360000000e+03 0.0000000000e+00 1.0000000000e+00 0.0000000000e+00
5.0000000000e+00 -1.0000000000e+00 4.8691000000e-02 2.2590000000e+03 0.0000000000e+00 1.0000000000e+00 0.0000000000e+00
1.1480000000e+01 1.3630000000e+01 1.7631000000e-02 1.5878000000e+04 6.6910000000e+03 2.0000000000e+00 2.0000000000e+00
2.1390000000e+01 1.7320000000e+01 9.0770000000e-03 3.7909000000e+04 1.7860000000e+04 2.0000000000e+00 3.0000000000e+00
2.0000000000e+00 1.2110000000e+01 8.2050000000e-03 4.2479000000e+04 1.4654000000e+04 1.0000000000e+00 3.0000000000e+00
1.0000000000e+00 -1.0000000000e+00 8.2080000000e-03 4.7450000000e+03 0.0000000000e+00 1.0000000000e+00 0.0000000000e+00
2.0000000000e+00 -1.0000000000e+00 8.2140000000e-03 2.9770000000e+03 0.0000000000e+00 1.0000000000e+00 0.0000000000e+00
1.1000000000e+01 1.5000000000e+01 4.0037000000e-02 8.8530000000e+03 2.6700000000e+03 1.0000000000e+00 1.0000000000e+00
1.1000000000e+01 7.0000000000e+00 3.9034000000e-02 6.6150000000e+03 1.5090000000e+03 1.0000000000e+00 1.0000000000e+00
3.0000000000e+00 -1.0000000000e+00 1.1340000000e-03 5.9100000000e+02 0.0000000000e+00 1.0000000000e+00 0.0000000000e+00
1.8000000000e+01 1.0160000000e+01 1.4956000000e-02 1.5783000000e+04 5.1240000000e+03 1.0000000000e+00 2.0000000000e+00
1.1000000000e+01 8.7100000000e+00 1.0129000000e-02 3.1495000000e+04 1.4089000000e+04 1.0000000000e+00 2.0000000000e+00
1.1000000000e+01 9.5200000000e+00 5.2985000000e-02 2.4013000000e+04 9.2530000000e+03 1.0000000000e+00 2.0000000000e+00
1.0000000000e+00 -1.0000000000e+00 4.0618000000e-02 1.2804000000e+04 0.0000000000e+00 1.0000000000e+00 0.0000000000e+00
1.1000000000e+01 1.8000000000e+01 5.3258000000e-02 6.7070000000e+03 6.7800000000e+02 1.0000000000e+00 1.0000000000e+00
1.7000000000e+01 -1.0000000000e+00 5.6630000000e-03 2.6840000000e+03 0.0000000000e+00 1.0000000000e+00 0.0000000000e+00
2.4000000000e+01 5.6200000000e+00 4.0707000000e-02 2.7774000000e+04 1.0820000000e+04 1.0000000000e+00 2.0000000000e+00
1.8000000000e+01 1.8780000000e+01 1.7321000000e-02 2.3573000000e+04 9.3850000000e+03 1.0000000000e+00 2.0000000000e+00
2.3930000000e+01 6.7100000000e+00 3.9759000000e-02 2.3606000000e+04 9.7900000000e+03 2.0000000000e+00 3.0000000000e+00
1.1000000000e+01 9.1400000000e+00 1.1208000000e-02 4.1255000000e+04 2.6153000000e+04 1.0000000000e+00 3.0000000000e+00
1.1230000000e+01 6.0000000000e+00 1.2421000000e-02 3.1546000000e+04 1.6443000000e+04 2.0000000000e+00 3.0000000000e+00
1.5200000000e+00 7.2400000000e+00 4.4844000000e-02 4.2197000000e+04 1.7764000000e+04 2.0000000000e+00 3.0000000000e+00
0.0000000000e+00 -1.0000000000e+00 4.4849000000e-02 3.0680000000e+03 0.0000000000e+00 1.0000000000e+00 0.0000000000e+00
2.0000000000e+00 1.4000000000e+01 1.3567000000e-02 1.5756000000e+04 3.2160000000e+03 1.0000000000e+00 1.0000000000e+00
2.0000000000e+01 1.2380000000e+01 3.9888000000e-02 1.0431000000e+04 2.9050000000e+03 1.0000000000e+00 2.0000000000e+00
2.7000000000e+01 -1.0000000000e+00 2.8307000000e-02 4.7500000000e+02 0.0000000000e+00 1.0000000000e+00 0.0000000000e+00
1.7850000000e+01 9.2100000000e+00 7.3810000000e-03 3.4826000000e+04 1.8220000000e+04 2.0000000000e+00 3.0000000000e+00
8.9000000000e+00 2.6640000000e+01 1.7538000000e-02 1.1897000000e+04 6.0350000000e+03 2.0000000000e+00 2.0000000000e+00
1.1000000000e+01 7.0000000000e+00 1.0527000000e-02 2.4701000000e+04 4.8050000000e+03 1.0000000000e+00 1.0000000000e+00
1.7000000000e+01 9.5600000000e+00 4.3124000000e-02 1.7809000000e+04 7.1510000000e+03 1.0000000000e+00 2.0000000000e+00
3.0000000000e+00 -1.0000000000e+00 3.5662000000e-02 1.4260000000e+03 0.0000000000e+00 1.0000000000e+00 0.0000000000e+00
1.1000000000e+01 2.0130000000e+01 3.9536000000e-02 1.3421000000e+04 4.8760000000e+03 1.0000000000e+00 2.0000000000e+00
8.0000000000e+00 2.0000000000e+01 3.7505000000e-02 8.4520000000e+03 1.6800000000e+03 1.0000000000e+00 1.0000000000e+00
2.4000000000e+01 1.2370000000e+01 4.3335000000e-02 1.7590000000e+04 6.7570000000e+03 1.0000000000e+00 2.0000000000e+00
0.0000000000e+00 -1.0000000000e+00 2.3093000000e-02 1.2540000000e+03 0.0000000000e+00 1.0000000000e+00 0.0000000000e+00
1.0000000000e+00 -1.0000000000e+00 7.8560000000e-03 2.5620000000e+03 0.0000000000e+00 1.0000000000e+00 0.0000000000e+00
2.0000000000e+00 -1.0000000000e+00 3.7661000000e-02 3.7172000000e+04 0.0000000000e+00 1.0000000000e+00 0.0000000000e+00
7.0000000000e+00 -1.0000000000e+00 3.8048000000e-02 5.2980000000e+03 0.0000000000e+00 1.0000000000e+00 0.0000000000e+00
1.4000000000e+01 1.2000000000e+01 4.1251000000e-02 6.9920000000e+03 1.6730000000e+03 1.0000000000e+00 1.0000000000e+00
2.3000000000e+01 -1.0000000000e+00 4.6344000000e-02 5.4160000000e+03 0.0000000000e+00 1.0000000000e+00 0.0000000000e+00
8.0000000000e+00 9.0000000000e+00 3.8048000000e-02 4.0970000000e+03 1.7020000000e+03 1.0000000000e+00 1.0000000000e+00
3.1000000000e+01 -1.0000000000e+00 9.9530000000e-03 2.4920000000e+03 0.0000000000e+00 1.0000000000e+00 0.0000000000e+00
0.0000000000e+00 -1.0000000000e+00 4.8215000000e-02 1.3230000000e+03 0.0000000000e+00 1.0000000000e+00 0.0000000000e+00
7.3600000000e+00 7.8900000000e+00 1.6264000000e-02 5.4291000000e+04 2.9053000000e+04 2.0000000000e+00 3.0000000000e+00
2.0430000000e+01 8.0800000000e+00 4.1312000000e-02 3.7432000000e+04 1.8611000000e+04 2.0000000000e+00 3.0000000000e+00
1.0520000000e+01 1.4810000000e+01 8.8050000000e-03 4.6550000000e+04 2.1356000000e+04 2.0000000000e+00 3.0000000000e+00
1.1170000000e+01 7.4900000000e+00 9.1720000000e-03 2.4144000000e+04 1.2161000000e+04 2.0000000000e+00 2.0000000000e+00
1.7000000000e+01 -1.0000000000e+00 8.4880000000e-03 7.4480000000e+03 0.0000000000e+00 1.0000000000e+00 0.0000000000e+00
1.4360000000e+01 8.6800000000e+00 4.3207000000e-02 3.4500000000e+04 1.6032000000e+04 2.0000000000e+00 2.0000000000e+00
1.0000000000e+00 1.2900000000e+01 5.1183000000e-02 3.0661000000e+04 9.2030000000e+03 1.0000000000e+00 3.0000000000e+00
0.0000000000e+00 -1.0000000000e+00 5.1188000000e-02 4.6730000000e+03 0.0000000000e+00 1.0000000000e+00 0.0000000000e+00
1.4000000000e+01 -1.0000000000e+00 1.2918000000e-02 6.6500000000e+02 0.0000000000e+00 1.0000000000e+00 0.0000000000e+00
7.0000000000e+00 9.6900000000e+00 1.1027000000e-02 1.8459000000e+04 7.5990000000e+03 1.0000000000e+00 2.0000000000e+00
1.4270000000e+01 8.6100000000e+00 3.7714000000e-02 2.7384000000e+04 1.3307000000e+04 2.0000000000e+00 2.0000000000e+00
5.0000000000e+00 -1.0000000000e+00 4.0663000000e-02 1.6570000000e+03 0.0000000000e+00 1.0000000000e+00 0.0000000000e+00
1.1000000000e+01 6.0000000000e+00 7.2180000000e-03 1.4287000000e+04 4.3040000000e+03 1.0000000000e+00 1.0000000000e+00
1.0000000000e+00 -1.0000000000e+00 1.4670000000e-03 9.2750000000e+03 0.0000000000e+00 1.0000000000e+00 0.0000000000e+00
1.7000000000e+01 1.6000000000e+01 8.8010000000e-03 9.5110000000e+03 2.5820000000e+03 1.0000000000e+00 1.0000000000e+00
2.1000000000e+01 8.6000000000e+00 2.5996000000e-02 2.2752000000e+04 1.0639000000e+04 1.0000000000e+00 2.0000000000e+00
1.4000000000e+01 7.4400000000e+00 1.3474000000e-02 2.2696000000e+04 1.0468000000e+04 1.0000000000e+00 2.0000000000e+00
1.4000000000e+01 1.6060000000e+01 3.7417000000e-02 3.1467000000e+04 1.6238000000e+04 1.0000000000e+00 3.0000000000e+00
4.0000000000e+00 -1.0000000000e+00 1.4790000000e-02 1.3050000000e+03 0.0000000000e+00 1.0000000000e+00 0.0000000000e+00
2.5000000000e+01 -1.0000000000e+00 2.1242000000e-02 2.0860000000e+03 0.0000000000e+00 1.0000000000e+00 0.0000000000e+00
5.4000000000e+00 1.2040000000e+01 8.5680000000e-03 5.6502000000e+04 2.7034000000e+04 2.0000000000e+00 3.0000000000e+00
2.0290000000e+01 1.8740000000e+01 4.1054000000e-02 4.1510000000e+04 2.1772000000e+04 2.0000000000e+00 3.0000000000e+00
2.1000000000e+01 1.3490000000e+01 4.1665000000e-02 1.6940000000e+04 6.8550000000e+03 1.0000000000e+00 2.0000000000e+00
1.2280000000e+01 2.3710000000e+01 4.5223000000e-02 4.6324000000e+04 2.4593000000e+04 2.0000000000e+00 3.0000000000e+00
8.0000000000e+00 7.3100000000e+00 1.6246000000e-02 2.4392000000e+04 9.4850000000e+03 1.0000000000e+00 2.0000000000e+00
1.1000000000e+01 1.2830000000e+01 1.0127000000e-02 3.9153000000e+04 2.2045000000e+04 1.0000000000e+00 3.0000000000e+00
2.7000000000e+01 7.0000000000e+00 1.6073000000e-02 9.9340000000e+03 3.5590000000e+03 1.0000000000e+00 1.0000000000e+00
2.0460000000e+01 1.6450000000e+01 3.9280000000e-02 2.6434000000e+04 1.2211000000e+04 2.0000000000e+00 2.0000000000e+00
1.1000000000e+01 6.2600000000e+00 1.6309000000e-02 2.1785000000e+04 1.0030000000e+04 1.0000000000e+00 3.0000000000e+00
3.8900000000e+00 7.4200000000e+00 5.5675000000e-02 3.6414000000e+04 1.7405000000e+04 2.0000000000e+00 4.0000000000e+00
5.0000000000e+00 -1.0000000000e+00 5.5679000000e-02 5.1000000000e+03 0.0000000000e+00 1.0000000000e+00 0.0000000000e+00
2.7610000000e+01 1.1110000000e+01 1.1198000000e-02 3.6434000000e+04 1.6980000000e+04 2.0000000000e+00 3.0000000000e+00
2.0000000000e+00 1.1000000000e+01 7.9690000000e-03 1.5459000000e+04 2.1350000000e+03 1.0000000000e+00 1.0000000000e+00
4.9200000000e+00 1.3550000000e+01 2.0223000000e-02 1.4534000000e+04 6.6430000000e+03 2.0000000000e+00 2.0000000000e+00
4.0000000000e+00 -1.0000000000e+00 4.1442000000e-02 8.2300000000e+02 0.0000000000e+00 1.0000000000e+00 0.0000000000e+00
8.0000000000e+00 6.0000000000e+00 9.7110000000e-03 1.5220000000e+04 4.7330000000e+03 1.0000000000e+00 1.0000000000e+00
2.1000000000e+01 1.0810000000e+01 7.9140000000e-03 2.0517000000e+04 6.8250000000e+03 1.0000000000e+00 2.0000000000e+00
1.7900000000e+00 1.9570000000e+01 8.6810000000e-03 5.5300000000e+04 2.3222000000e+04 2.0000000000e+00 4.0000000000e+00
2.0000000000e+00 -1.0000000000e+00 8.6900000000e-03 2.8010000000e+03 0.0000000000e+00 1.0000000000e+00 0.0000000000e+00
1.4000000000e+01 -1.0000000000e+00 5.2789000000e-02 3.4000000000e+01 0.0000000000e+00 1.0000000000e+00 0.0000000000e+00
1.6000000000e+01 -1.0000000000e+00 5.8699000000e-02 1.9620000000e+03 0.0000000000e+00 1.0000000000e+00 0.0000000000e+00
2.4000000000e+01 -1.0000000000e+00 8.9580000000e-03 1.6819000000e+04 0.0000000000e+00 1.0000000000e+00 0.0000000000e+00
8.0000000000e+00 -1.0000000000e+00 2.9891000000e-02 5.5500000000e+02 0.0000000000e+00 1.0000000000e+00 0.0000000000e+00
1.0000000000e+00 2.8130000000e+01 1.1114000000e-02 2.8909000000e+04 1.0459000000e+04 1.0000000000e+00 3.0000000000e+00
2.0000000000e+00 -1.0000000000e+00 1.1117000000e-02 3.7190000000e+03 0.0000000000e+00 1.0000000000e+00 0.0000000000e+00
0.0000000000e+00 -1.0000000000e+00 1.1119000000e-02 3.5140000000e+03 0.0000000000e+00 1.0000000000e+00 0.0000000000e+00
8.0000000000e+00 2.0000000000e+01 1.2476000000e-02 9.6480000000e+03 2.3250000000e+03 1.0000000000e+00 1.0000000000e+00
1.4100000000e+00 1.2580000000e+01 3.7332000000e-02 1.7470000000e+04 5.6800000000e+03 2.0000000000e+00 2.0000000000e+00
1.2000000000e+01 2.3780000000e+01 8.8120000000e-03 2.2444000000e+04 8.7910000000e+03 1.0000000000e+00 2.0000000000e+00
1.1620000000e+01 1.6420000000e+01 1.0453000000e-02 3.0373000000e+04 1.4414000000e+04 2.0000000000e+00 2.0000000000e+00
1.8000000000e+01 1.9160000000e+01 8.9960000000e-03 2.2544000000e+04 1.0506000000e+04 1.0000000000e+00 3.0000000000e+00
5.0000000000e+00 1.2390000000e+01 1.2486000000e-02 2.6050000000e+04 1.0065000000e+04 1.0000000000e+00 2.0000000000e+00
4.0000000000e+00 -1.0000000000e+00 1.2491000000e-02 3.6180000000e+03 0.0000000000e+00 1.0000000000e+00 0.0000000000e+00
5.0000000000e+00 -1.0000000000e+00 1.6097000000e-02 2.9113000000e+04 0.0000000000e+00 1.0000000000e+00 0.0000000000e+00
4.0000000000e+00 -1.0000000000e+00 1.6102000000e-02 4.2600000000e+03 0.0000000000e+00 1.0000000000e+00 0.0000000000e+00
1.2000000000e+01 -1.0000000000e+00 3.7180000000e-03 9.6300000000e+02 0.0000000000e+00 1.0000000000e+00 0.0000000000e+00
1.8140000000e+01 1.8750000000e+01 8.4250000000e-03 2.6532000000e+04 1.0790000000e+04 2.0000000000e+00 2.0000000000e+00
1.7560000000e+01 8.6600000000e+00 4.3373000000e-02 4.3627000000e+04 2.1596000000e+04 2.0000000000e+00 2.0000000000e+00
8.0000000000e+00 1.5330000000e+01 3.8279000000e-02 2.4786000000e+04 9.1610000000e+03 1.0000000000e+00 2.0000000000e+00
8.0000000000e+00 -1.0000000000e+00 4.5735000000e-02 3.7140000000e+03 0.0000000000e+00 1.0000000000e+00 0.0000000000e+00
0.0000000000e+00 -1.0000000000e+00 3.3421000000e-02 1.3300000000e+02 0.0000000000e+00 1.0000000000e+00 0.0000000000e+00
3.6000000000e+00 9.3100000000e+00 5.0867000000e-02 7.1404000000e+04 3.5119000000e+04 2.0000000000e+00 4.0000000000e+00
2.0000000000e+00 -1.0000000000e+00 5.0871000000e-02 7.4380000000e+03 0.0000000000e+00 1.0000000000e+00 0.0000000000e+00
2.2000000000e+01 2.8490000000e+01 1.1534000000e-02 1.8520000000e+04 7.9510000000e+03 1.0000000000e+00 2.0000000000e+00
1.3880000000e+01 1.2170000000e+01 2.0667000000e-02 3.0163000000e+04 1.3447000000e+04 2.0000000000e+00 3.0000000000e+00
1.3560000000e+01 1.0000000000e+01 4.6606000000e-02 1.0967000000e+04 3.5040000000e+03 2.0000000000e+00 1.0000000000e+00
2.3000000000e+01 6.9200000000e+00 4.0678000000e-02 2.5598000000e+04 1.0866000000e+04 1.0000000000e+00 3.0000000000e+00
2.2000000000e+01 -1.0000000000e+00 4.0682000000e-02 3.3870000000e+03 0.0000000000e+00 1.0000000000e+00 0.0000000000e+00
1.3470000000e+01 9.0100000000e+00 1.0506000000e-02 5.8628000000e+04 3.1171000000e+04 2.0000000000e+00 3.0000000000e+00
2.0000000000e+01 1.1150000000e+01 1.2624000000e-02 1.8846000000e+04 6.3770000000e+03 1.0000000000e+00 2.0000000000e+00
1.7100000000e+00 1.4800000000e+01 1.0004000000e-02 4.3206000000e+04 1.6235000000e+04 2.0000000000e+00 3.0000000000e+00
3.0000000000e+00 -1.0000000000e+00 1.0009000000e-02 4.7440000000e+03 0.0000000000e+00 1.0000000000e+00 0.0000000000e+00
4.0000000000e+00 -1.0000000000e+00 1.9912000000e-02 9.2300000000e+02 0.0000000000e+00 1.0000000000e+00 0.0000000000e+00
2.3940000000e+01 1.5220000000e+01 4.4094000000e-02 3.8892000000e+04 1.9931000000e+04 2.0000000000e+00 3.0000000000e+00
2.5000000000e+01 -1.0000000000e+00 4.4098000000e-02 4.3810000000e+03 0.0000000000e+00 1.0000000000e+00 0.0000000000e+00
1.5500000000e+00 1.0000000000e+01 1.2112000000e-02 1.0892000000e+04 2.3110000000e+03 2.0000000000e+00 1.0000000000e+00
1.0000000000e+00 9.6400000000e+00 3.7361000000e-02 1.7697000000e+04 5.7050000000e+03 1.0000000000e+00 2.0000000000e+00
1.7500000000e+00 1.5710000000e+01 4.4140000000e-02 5.2946000000e+04 2.1293000000e+04 2.0000000000e+00 4.0000000000e+00
0.0000000000e+00 -1.0000000000e+00 4.4145000000e-02 3.4600000000e+03 0.0000000000e+00 1.0000000000e+00 0.0000000000e+00
5.3400000000e+00 9.3600000000e+00 4.7475000000e-02 5.0202000000e+04 2.5129000000e+04 2.0000000000e+00 4.0000000000e+00
1.6000000000e+01 -1.0000000000e+00 6.4850000000e-03 6.2500000000e+02 0.0000000000e+00 1.0000000000e+00 0.0000000000e+00
2.8620000000e+01 2.9870000000e+01 6.7230000000e-03 1.7000000000e+04 5.2860000000e+03 2.0000000000e+00 2.0000000000e+00
1.8200000000e+00 7.3200000000e+00 4.0188000000e-02 3.1075000000e+04 1.1569000000e+04 2.0000000000e+00 3.0000000000e+00
2.1000000000e+01 7.2300000000e+00 3.9945000000e-02 8.8350000000e+03 3.1990000000e+03 1.0000000000e+00 2.0000000000e+00
1.1000000000e+01 5.6600000000e+00 4.3655000000e-02 3.8413000000e+04 2.0952000000e+04 1.0000000000e+00 3.0000000000e+00
0.0000000000e+00 -1.0000000000e+00 6.9010000000e-03 1.0930000000e+03 0.0000000000e+00 1.0000000000e+00 0.0000000000e+00
1.3710000000e+01 8.1600000000e+00 1.0270000000e-02 5.0431000000e+04 3.1193000000e+04 2.0000000000e+00 3.0000000000e+00
1.0790000000e+01 7.0000000000e+00 1.1375000000e-02 7.4780000000e+03 2.7090000000e+03 2.0000000000e+00 1.0000000000e+00
1.2000000000e+01 1.8790000000e+01 3.9709000000e-02 2.0580000000e+04 8.1270000000e+03 1.0000000000e+00 2.0000000000e+00
2.0000000000e+00 1.6560000000e+01 4.7186000000e-02 3.0226000000e+04 8.4970000000e+03 1.0000000000e+00 2.0000000000e+00
3.0000000000e+00 -1.0000000000e+00 4.7191000000e-02 3.8780000000e+03 0.0000000000e+00 1.0000000000e+00 0.0000000000e+00
5.6000000000e+00 1.1990000000e+01 5.0848000000e-02 5.8141000000e+04 2.9450000000e+04 2.0000000000e+00 3.0000000000e+00
1.7710000000e+01 8.0200000000e+00 4.1878000000e-02 4.1058000000e+04 1.0366000000e+04 2.0000000000e+00 2.0000000000e+00
1.7400000000e+00 1.8050000000e+01 4.3792000000e-02 5.0902000000e+04 2.1307000000e+04 2.0000000000e+00 4.0000000000e+00
3.0000000000e+00 -1.0000000000e+00 4.3796000000e-02 6.4780000000e+03 0.0000000000e+00 1.0000000000e+00 0.0000000000e+00
1.4100000000e+00 1.8720000000e+01 4.3759000000e-02 3.6252000000e+04 1.3014000000e+04 2.0000000000e+00 3.0000000000e+00
1.1200000000e+01 1.2480000000e+01 2.2233000000e-02 2.9239000000e+04 1.2739000000e+04 2.0000000000e+00 2.0000000000e+00
1.5000000000e+01 2.5000000000e+01 3.8645000000e-02 1.0867000000e+04 3.2910000000e+03 1.0000000000e+00 1.0000000000e+00
9.9000000000e-01 5.1600000000e+00 4.3606000000e-02 2.3056000000e+04 7.8520000000e+03 2.0000000000e+00 3.0000000000e+00
8.0000000000e+00 1.2800000000e+01 9.1990000000e-03 3.9565000000e+04 1.8852000000e+04 1.0000000000e+00 3.0000000000e+00
1.3000000000e+01 -1.0000000000e+00 5.0542000000e-02 2.7100000000e+02 0.0000000000e+00 1.0000000000e+00 0.0000000000e+00
2.0000000000e+00 -1.0000000000e+00 4.4927000000e-02 6.7120000000e+03 0.0000000000e+00 1.0000000000e+00 0.0000000000e+00
1.0000000000e+00 1.2000000000e+01 4.4545000000e-02 1.0204000000e+04 8.7300000000e+02 1.0000000000e+00 1.0000000000e+00
8.2700000000e+00 1.5360000000e+01 7.3550000000e-03 4.8422000000e+04 2.5946000000e+04 2.0000000000e+00 4.0000000000e+00
5.0000000000e+00 -1.0000000000e+00 4.9110000000e-03 5.1100000000e+02 0.0000000000e+00 1.0000000000e+00 0.0000000000e+00
3.9600000000e+00 1.5420000000e+01 9.7820000000e-03 4.7380000000e+04 2.4809000000e+04 3.0000000000e+00 4.0000000000e+00
1.5000000000e+01 1.7590000000e+01 3.9141000000e-02 2.0913000000e+04 8.7220000000e+03 1.0000000000e+00 2.0000000000e+00
1.5000000000e+01 2.2520000000e+01 9.1540000000e-03 2.1952000000e+04 9.8040000000e+03 1.0000000000e+00 2.0000000000e+00
1.7740000000e+01 1.4660000000e+01 9.6250000000e-03 2.2825000000e+04 1.0326000000e+04 2.0000000000e+00 2.0000000000e+00
8.0000000000e+00 1.0290000000e+01 5.0534000000e-02 4.2733000000e+04 2.5157000000e+04 1.0000000000e+00 3.0000000000e+00
1.2000000000e+01 -1.0000000000e+00 2.4871000000e-02 1.4800000000e+03 0.0000000000e+00 1.0000000000e+00 0.0000000000e+00
1.7000000000e+01 -1.0000000000e+00 8.8080000000e-03 5.8220000000e+03 0.0000000000e+00 1.0000000000e+00 0.0000000000e+00
5.3800000000e+00 2.5660000000e+01 4.0028000000e-02 4.3095000000e+04 2.1753000000e+04 2.0000000000e+00 3.0000000000e+00
4.0000000000e+00 -1.0000000000e+00 4.0032000000e-02 5.1010000000e+03 0.0000000000e+00 1.0000000000e+00 0.0000000000e+00
2.0000000000e+00 -1.0000000000e+00 4.0977000000e-02 2.0190000000e+03 0.0000000000e+00 1.0000000000e+00 0.0000000000e+00
2.0000000000e+00 -1.0000000000e+00 2.0712000000e-02 1.1110000000e+03 0.0000000000e+00 1.0000000000e+00 0.0000000000e+00
1.6800000000e+00 1.3780000000e+01 3.9731000000e-02 2.3153000000e+04 7.7780000000e+03 2.0000000000e+00 3.0000000000e+00
4.0000000000e+00 7.1300000000e+00 9.1220000000e-03 2.2072000000e+04 9.4130000000e+03 1.0000000000e+00 3.0000000000e+00
9.7000000000e-01 1.0040000000e+01 1.9723000000e-02 3.6177000000e+04 1.4952000000e+04 3.0000000000e+00 3.0000000000e+00
1.7220000000e+01 7.2000000000e+00 5.7211000000e-02 3.4131000000e+04 1.9193000000e+04 2.0000000000e+00 3.0000000000e+00
8.0000000000e+00 1.2530000000e+01 7.0940000000e-03 2.3305000000e+04 1.0073000000e+04 1.0000000000e+00 2.0000000000e+00
1.2000000000e+01 2.0080000000e+01 3.8096000000e-02 2.5743000000e+04 1.2610000000e+04 1.0000000000e+00 3.0000000000e+00
5.0000000000e+00 8.9700000000e+00 1.1293000000e-02 3.9122000000e+04 1.9230000000e+04 1.0000000000e+00 3.0000000000e+00
1.7000000000e+01 6.2400000000e+00 3.8002000000e-02 2.2418000000e+04 8.3700000000e+03 1.0000000000e+00 2.0000000000e+00
2.4000000000e+01 9.4700000000e+00 1.1080000000e-02 1.9043000000e+04 7.4840000000e+03 1.0000000000e+00 2.0000000000e+00
1.4000000000e+01 8.9400000000e+00 8.4290000000e-03 4.1690000000e+04 2.8383000000e+04 1.0000000000e+00 3.0000000000e+00
1.4640000000e+01 1.5920000000e+01 1.1958000000e-02 6.1586000000e+04 4.1340000000e+04 2.0000000000e+00 4.0000000000e+00
1.6000000000e+01 -1.0000000000e+00 1.1962000000e-02 3.8870000000e+03 0.0000000000e+00 1.0000000000e+00 0.0000000000e+00
8.0300000000e+00 7.3400000000e+00 1.7694000000e-02 3.2240000000e+04 1.5219000000e+04 2.0000000000e+00 2.0000000000e+00
1.6840000000e+01 6.8200000000e+00 3.8402000000e-02 3.6961000000e+04 1.9127000000e+04 2.0000000000e+00 3.0000000000e+00
2.4000000000e+01 7.0000000000e+00 4.0353000000e-02 1.0983000000e+04 2.9780000000e+03 1.0000000000e+00 1.0000000000e+00
5.5200000000e+00 2.0000000000e+01 8.5130000000e-03 1.9083000000e+04 5.8140000000e+03 2.0000000000e+00 1.0000000000e+00
1.7000000000e+01 1.3760000000e+01 1.3656000000e-02 3.1921000000e+04 1.5398000000e+04 1.0000000000e+00 3.0000000000e+00
1.8000000000e+01 1.7310000000e+01 3.8365000000e-02 2.3027000000e+04 1.1376000000e+04 1.0000000000e+00 3.0000000000e+00
2.3460000000e+01 1.0270000000e+01 4.5204000000e-02 4.8654000000e+04 2.1022000000e+04 2.0000000000e+00 3.0000000000e+00
1.7000000000e+01 1.6430000000e+01 1.5692000000e-02 1.1985000000e+04 4.1660000000e+03 1.0000000000e+00 2.0000000000e+00
1.2000000000e+01 -1.0000000000e+00 2.5453000000e-02 4.6300000000e+02 0.0000000000e+00 1.0000000000e+00 0.0000000000e+00
8.0000000000e+00 1.7380000000e+01 1.0790000000e-02 2.4772000000e+04 9.6210000000e+03 1.0000000000e+00 2.0000000000e+00
5.5200000000e+00 1.0870000000e+01 9.4680000000e-03 5.8062000000e+04 2.7761000000e+04 2.0000000000e+00 3.0000000000e+00
1.4000000000e+01 -1.0000000000e+00 1.0405000000e-02 2.2110000000e+03 0.0000000000e+00 1.0000000000e+00 0.0000000000e+00
5.0000000000e+00 -1.0000000000e+00 1.2772000000e-02 6.5750000000e+03 0.0000000000e+00 1.0000000000e+00 0.0000000000e+00
1.4600000000e+01 8.4900000000e+00 1.3898000000e-02 4.0592000000e+04 2.1468000000e+04 2.0000000000e+00 2.0000000000e+00
2.0000000000e+01 8.0000000000e+00 7.0240000000e-03 1.2012000000e+04 2.2780000000e+03 1.0000000000e+00 1.0000000000e+00
1.3000000000e+01 -1.0000000000e+00 3.4339000000e-02 1.3040000000e+03 0.0000000000e+00 1.0000000000e+00 0.0000000000e+00
5.0000000000e+00 1.1000000000e+01 3.7664000000e-02 7.5270000000e+03 2.4930000000e+03 1.0000000000e+00 1.0000000000e+00
4.0000000000e+00 7.5500000000e+00 2.0286000000e-02 1.7429000000e+04 6.6330000000e+03 1.0000000000e+00 2.0000000000e+00
1.0220000000e+01 6.9500000000e+00 2.5574000000e-02 5.0424000000e+04 2.8754000000e+04 3.0000000000e+00 3.0000000000e+00
2.0000000000e+00 6.0000000000e+00 9.1090000000e-03 1.5168000000e+04 2.6120000000e+03 1.0000000000e+00 1.0000000000e+00
1.6000000000e+01 -1.0000000000e+00 4.3273000000e-02 1.3750000000e+03 0.0000000000e+00 1.0000000000e+00 0.0000000000e+00
4.6500000000e+00 6.2800000000e+00 9.5230000000e-03 3.3759000000e+04 1.6194000000e+04 2.0000000000e+00 3.0000000000e+00
1.4000000000e+01 1.0330000000e+01 4.1537000000e-02 1.8222000000e+04 6.2480000000e+03 1.0000000000e+00 2.0000000000e+00
1.7000000000e+01 1.2310000000e+01 4.3579000000e-02 1.2762000000e+04 4.0630000000e+03 1.0000000000e+00 2.0000000000e+00
6.0000000000e+00 -1.0000000000e+00 3.7473000000e-02 9.5000000000e+02 0.0000000000e+00 1.0000000000e+00 0.0000000000e+00
2.4000000000e+01 -1.0000000000e+00 4.2080000000e-02 6.8680000000e+03 0.0000000000e+00 1.0000000000e+00 0.0000000000e+00
8.0000000000e+00 1.0000000000e+01 3.8742000000e-02 7.9700000000e+03 1.0220000000e+03 1.0000000000e+00 1.0000000000e+00
8.0000000000e+00 1.0000000000e+01 1.0848000000e-02 1.1831000000e+04 2.8770000000e+03 1.0000000000e+00 1.0000000000e+00
1.5000000000e+01 -1.0000000000e+00 2.0702000000e-02 9.0390000000e+03 0.0000000000e+00 1.0000000000e+00 0.0000000000e+00
2.7000000000e+01 -1.0000000000e+00 5.0847000000e-02 3.5465000000e+04 0.0000000000e+00 1.0000000000e+00 0.0000000000e+00
1.7000000000e+01 9.1300000000e+00 8.8190000000e-03 4.3990000000e+04 3.1926000000e+04 1.0000000000e+00 4.0000000000e+00
1.8000000000e+01 -1.0000000000e+00 8.8230000000e-03 5.7970000000e+03 0.0000000000e+00 1.0000000000e+00 0.0000000000e+00
1.8000000000e+01 -1.0000000000e+00 5.3219000000e-02 5.4000000000e+02 0.0000000000e+00 1.0000000000e+00 0.0000000000e+00
7.8800000000e+00 9.4300000000e+00 1.1959000000e-02 4.5180000000e+04 2.6608000000e+04 2.0000000000e+00 4.0000000000e+00
1.5000000000e+01 -1.0000000000e+00 1.6371000000e-02 1.0280000000e+03 0.0000000000e+00 1.0000000000e+00 0.0000000000e+00
1.4900000000e+00 -1.0000000000e+00 4.3708000000e-02 4.9920000000e+03 0.0000000000e+00 2.0000000000e+00 0.0000000000e+00
8.0000000000e+00 1.8630000000e+01 9.6390000000e-03 2.7820000000e+04 1.1580000000e+04 1.0000000000e+00 2.0000000000e+00
2.7000000000e+01 -1.0000000000e+00 4.5443000000e-02 1.6700000000e+02 0.0000000000e+00 1.0000000000e+00 0.0000000000e+00
1.3000000000e+01 -1.0000000000e+00 1.5818000000e-02 1.7890000000e+03 0.0000000000e+00 1.0000000000e+00 0.0000000000e+00
1.7000000000e+01 8.2200000000e+00 4.8056000000e-02 2.8331000000e+04 1.2593000000e+04 1.0000000000e+00 3.0000000000e+00
7.0000000000e+00 7.0800000000e+00 4.6258000000e-02 4.4505000000e+04 2.9363000000e+04 1.0000000000e+00 3.0000000000e+00
2.0000000000e+00 -1.0000000000e+00 3.7549000000e-02 4.5380000000e+03 0.0000000000e+00 1.0000000000e+00 0.0000000000e+00
1.0000000000e+00 1.3220000000e+01 2.2197000000e-02 4.5157000000e+04 1.6556000000e+04 1.0000000000e+00 3.0000000000e+00
1.4900000000e+00 1.1300000000e+01 3.6584000000e-02 1.9414000000e+04 5.5100000000e+03 2.0000000000e+00 2.0000000000e+00
5.0000000000e+00 1.4050000000e+01 1.2149000000e-02 3.2185000000e+04 1.4632000000e+04 1.0000000000e+00 3.0000000000e+00
4.0000000000e+00 -1.0000000000e+00 1.2153000000e-02 5.0890000000e+03 0.0000000000e+00 1.0000000000e+00 0.0000000000e+00
2.1000000000e+01 1.5030000000e+01 1.5518000000e-02 1.8997000000e+04 8.2090000000e+03 1.0000000000e+00 3.0000000000e+00
4.0000000000e+00 6.0000000000e+00 4.6519000000e-02 1.0274000000e+04 2.1940000000e+03 1.0000000000e+00 1.0000000000e+00
2.1000000000e+01 2.3600000000e+01 1.0483000000e-02 3.2598000000e+04 1.8093000000e+04 1.0000000000e+00 4.0000000000e+00
2.2000000000e+01 -1.0000000000e+00 1.0487000000e-02 4.0340000000e+03 0.0000000000e+00 1.0000000000e+00 0.0000000000e+00
1.7000000000e+01 5.4000000000e+00 4.0205000000e-02 3.8324000000e+04 2.3983000000e+04 1.0000000000e+00 4.0000000000e+00
1.1000000000e+01 1.4840000000e+01 3.8926000000e-02 2.2655000000e+04 1.0075000000e+04 1.0000000000e+00 3.0000000000e+00
1.1000000000e+01 1.4000000000e+01 4.5880000000e-02 9.3060000000e+03 2.5100000000e+03 1.0000000000e+00 1.0000000000e+00
1.6000000000e+01 -1.0000000000e+00 1.1995000000e-02 3.1200000000e+02 0.0000000000e+00 1.0000000000e+00 0.0000000000e+00
1.0320000000e+01 8.2500000000e+00 1.8096000000e-02 5.1119000000e+04 3.0610000000e+04 2.0000000000e+00 3.0000000000e+00
1.5000000000e+01 -1.0000000000e+00 1.4240000000e-03 2.0620000000e+03 0.0000000000e+00 1.0000000000e+00 0.0000000000e+00
1.3000000000e+01 -1.0000000000e+00 6.8380000000e-03 1.1810000000e+03 0.0000000000e+00 1.0000000000e+00 0.0000000000e+00
1.7000000000e+01 -1.0000000000e+00 1.3578000000e-02 3.4660000000e+03 0.0000000000e+00 1.0000000000e+00 0.0000000000e+00
2.0790000000e+01 1.3520000000e+01 5.2420000000e-03 2.7692000000e+04 1.2541000000e+04 2.0000000000e+00 2.0000000000e+00
7.2100000000e+00 0.0000000000e+00 1.1792000000e-02 2.6375000000e+04 1.9570000000e+03 2.0000000000e+00 1.0000000000e+00
6.0000000000e+00 -1.0000000000e+00 4.0960000000e-02 8.4700000000e+02 0.0000000000e+00 1.0000000000e+00 0.0000000000e+00
8.0000000000e+00 1.7640000000e+01 4.5178000000e-02 1.8309000000e+04 7.5950000000e+03 1.0000000000e+00 2.0000000000e+00
8.0000000000e+00 1.7340000000e+01 5.3038000000e-02 2.2521000000e+04 9.2260000000e+03 1.0000000000e+00 2.0000000000e+00
1.1840000000e+01 2.4330000000e+01 3.8128000000e-02 3.9145000000e+04 1.9145000000e+04 2.0000000000e+00 3.0000000000e+00
8.0000000000e+00 6.3000000000e+00 9.2170000000e-03 1.8606000000e+04 8.9830000000e+03 1.0000000000e+00 2.0000000000e+00
8.0000000000e+00 1.1000000000e+01 4.2104000000e-02 1.4027000000e+04 3.8560000000e+03 1.0000000000e+00 1.0000000000e+00
3.1000000000e+01 -1.0000000000e+00 1.1625000000e-02 8.7600000000e+02 0.0000000000e+00 1.0000000000e+00 0.0000000000e+00
8.0000000000e+00 2.0000000000e+01 3.8053000000e-02 1.6326000000e+04 4.7990000000e+03 1.0000000000e+00 1.0000000000e+00
1.0090000000e+01 9.2800000000e+00 3.7953000000e-02 3.7845000000e+04 2.0527000000e+04 2.0000000000e+00 3.0000000000e+00
1.4840000000e+01 9.3900000000e+00 8.5880000000e-03 4.4267000000e+04 2.6054000000e+04 2.0000000000e+00 4.0000000000e+00
8.0000000000e+00 1.0210000000e+01 3.8268000000e-02 3.8747000000e+04 1.9643000000e+04 1.0000000000e+00 3.0000000000e+00
1.3000000000e+01 -1.0000000000e+00 5.4748000000e-02 1.8100000000e+02 0.0000000000e+00 1.0000000000e+00 0.0000000000e+00
8.0000000000e+00 1.1380000000e+01 1.1087000000e-02 3.8751000000e+04 1.9203000000e+04 1.0000000000e+00 3.0000000000e+00
1.6910000000e+01 1.6120000000e+01 4.0689000000e-02 3.9914000000e+04 2.2402000000e+04 3.0000000000e+00 3.0000000000e+00
1.1000000000e+01 -1.0000000000e+00 1.0320000000e-02 1.9950000000e+03 0.0000000000e+00 1.0000000000e+00 0.0000000000e+00
1.7430000000e+01 1.7730000000e+01 1.2947000000e-02 3.9544000000e+04 2.1137000000e+04 2.0000000000e+00 4.0000000000e+00
4.7300000000e+00 9.0000000000e+00 3.7058000000e-02 7.9230000000e+03 1.8510000000e+03 2.0000000000e+00 1.0000000000e+00
1.0000000000e+01 -1.0000000000e+00 4.0999000000e-02 2.9100000000e+02 0.0000000000e+00 1.0000000000e+00 0.0000000000e+00
1.8300000000e+00 2.1710000000e+01 1.4011000000e-02 3.1847000000e+04 1.0664000000e+04 2.0000000000e+00 3.0000000000e+00
2.1000000000e+01 1.2300000000e+01 1.0495000000e-02 9.6750000000e+03 2.6150000000e+03 1.0000000000e+00 2.0000000000e+00
2.7000000000e+01 1.6000000000e+01 1.3411000000e-02 1.6472000000e+04 4.0920000000e+03 1.0000000000e+00 1.0000000000e+00
1.7000000000e+01 -1.0000000000e+00 1.1768000000e-02 6.3100000000e+02 0.0000000000e+00 1.0000000000e+00 0.0000000000e+00
2.8000000000e+01 2.1540000000e+01 1.6154000000e-02 1.5949000000e+04 5.5900000000e+03 1.0000000000e+00 2.0000000000e+00
2.0000000000e+01 7.0000000000e+00 1.6859000000e-02 9.3360000000e+03 2.1320000000e+03 1.0000000000e+00 1.0000000000e+00
1.4130000000e+01 5.6300000000e+00 5.2493000000e-02 4.2115000000e+04 2.8476000000e+04 2.0000000000e+00 4.0000000000e+00
1.5000000000e+01 2.6830000000e+01 4.1182000000e-02 3.7317000000e+04 2.2178000000e+04 1.0000000000e+00 3.0000000000e+00
2.5000000000e+01 2.4980000000e+01 1.1994000000e-02 3.2384000000e+04 1.4701000000e+04 1.0000000000e+00 3.0000000000e+00
2.4000000000e+01 -1.0000000000e+00 1.1999000000e-02 4.7550000000e+03 0.0000000000e+00 1.0000000000e+00 0.0000000000e+00
1.7000000000e+01 -1.0000000000e+00 4.3356000000e-02 3.2173000000e+04 0.0000000000e+00 1.0000000000e+00 0.0000000000e+00
2.8800000000e+00 2.3170000000e+01 1.6091000000e-02 4.9103000000e+04 2.4515000000e+04 2.0000000000e+00 4.0000000000e+00
4.0000000000e+00 -1.0000000000e+00 1.6094000000e-02 4.7690000000e+03 0.0000000000e+00 1.0000000000e+00 0.0000000000e+00
1.0000000000e+00 -1.0000000000e+00 1.2011000000e-02 8.8940000000e+03 0.0000000000e+00 1.0000000000e+00 0.0000000000e+00
1.3480000000e+01 8.9100000000e+00 4.2980000000e-02 4.7401000000e+04 2.5056000000e+04 2.0000000000e+00 3.0000000000e+00
2.0000000000e+01 -1.0000000000e+00 9.9550000000e-03 1.2530000000e+03 0.0000000000e+00 1.0000000000e+00 0.0000000000e+00
2.0000000000e+00 -1.0000000000e+00 1.0744000000e-02 7.2360000000e+03 0.0000000000e+00 1.0000000000e+00 0.0000000000e+00
1.9000000000e+01 2.4160000000e+01 4.2453000000e-02 3.2991000000e+04 1.7586000000e+04 1.0000000000e+00 3.0000000000e+00
2.0600000000e+00 1.3880000000e+01 7.4860000000e-03 2.8468000000e+04 1.0203000000e+04 2.0000000000e+00 3.0000000000e+00
1.5290000000e+01 2.3790000000e+01 1.9042000000e-02 4.0882000000e+04 1.9886000000e+04 2.0000000000e+00 3.0000000000e+00
1.8000000000e+01 2.4250000000e+01 1.6449000000e-02 1.4742000000e+04 5.6170000000e+03 1.0000000000e+00 2.0000000000e+00
1.2000000000e+01 1.5410000000e+01 7.0780000000e-03 3.2546000000e+04 1.5237000000e+04 1.0000000000e+00 2.0000000000e+00
2.5000000000e+01 2.0460000000e+01 4.9671000000e-02 2.0895000000e+04 8.0910000000e+03 1.0000000000e+00 2.0000000000e+00
1.8000000000e+01 -1.0000000000e+00 4.0124000000e-02 3.5860000000e+03 0.0000000000e+00 1.0000000000e+00 0.0000000000e+00
1.7000000000e+01 -1.0000000000e+00 2.5115000000e-02 1.0680000000e+03 0.0000000000e+00 1.0000000000e+00 0.0000000000e+00
1.1000000000e+01 9.4800000000e+00 6.7070000000e-03 4.2560000000e+04 2.7565000000e+04 1.0000000000e+00 4.0000000000e+00
1.4550000000e+01 2.1700000000e+01 1.4064000000e-02 4.1631000000e+04 2.0261000000e+04 2.0000000000e+00 3.0000000000e+00
1.8000000000e+01 1.6000000000e+01 7.8850000000e-03 2.0898000000e+04 3.5530000000e+03 1.0000000000e+00 1.0000000000e+00
1.8000000000e+01 1.6000000000e+01 9.0050000000e-03 3.5331000000e+04 8.3390000000e+03 1.0000000000e+00 1.0000000000e+00
1.9000000000e+01 -1.0000000000e+00 9.0100000000e-03 4.1160000000e+03 0.0000000000e+00 1.0000000000e+00 0.0000000000e+00
2.6000000000e+01 -1.0000000000e+00 3.6040000000e-02 1.3620000000e+03 0.0000000000e+00 1.0000000000e+00 0.0000000000e+00
1.7620000000e+01 1.7420000000e+01 1.1602000000e-02 3.7391000000e+04 2.0266000000e+04 2.0000000000e+00 4.0000000000e+00
8.6800000000e+00 1.6600000000e+01 1.8116000000e-02 5.3449000000e+04 2.9483000000e+04 2.0000000000e+00 3.0000000000e+00
1.4000000000e+01 6.1800000000e+00 7.3790000000e-03 3.8460000000e+04 2.6291000000e+04 1.0000000000e+00 3.0000000000e+00
2.3800000000e+01 1.7490000000e+01 1.7470000000e-02 1.7304000000e+04 7.2380000000e+03 2.0000000000e+00 2.0000000000e+00
7.8800000000e+00 1.1080000000e+01 4.2466000000e-02 2.8239000000e+04 1.1775000000e+04 2.0000000000e+00 3.0000000000e+00
8.5800000000e+00 1.4780000000e+01 1.2436000000e-02 5.5048000000e+04 2.8518000000e+04 2.0000000000e+00 3.0000000000e+00
8.0000000000e+00 -1.0000000000e+00 4.6282000000e-02 7.7100000000e+02 0.0000000000e+00 1.0000000000e+00 0.0000000000e+00
7.6300000000e+00 1.3610000000e+01 1.0710000000e-02 2.8655000000e+04 1.3099000000e+04 2.0000000000e+00 2.0000000000e+00
1.4000000000e+01 -1.0000000000e+00 7.3960000000e-03 5.1500000000e+02 0.0000000000e+00 1.0000000000e+00 0.0000000000e+00
1.1000000000e+01 9.9200000000e+00 4.5652000000e-02 2.1974000000e+04 9.0840000000e+03 1.0000000000e+00 3.0000000000e+00
2.0000000000e+01 -1.0000000000e+00 1.5263000000e-02 1.6230000000e+03 0.0000000000e+00 1.0000000000e+00 0.0000000000e+00
2.0000000000e+00 -1.0000000000e+00 2.5446000000e-02 1.4400000000e+03 0.0000000000e+00 1.0000000000e+00 0.0000000000e+00
1.4000000000e+01 1.2390000000e+01 4.0049000000e-02 1.1363000000e+04 4.8410000000e+03 1.0000000000e+00 2.0000000000e+00
1.3950000000e+01 8.1400000000e+00 4.1770000000e-02 3.7320000000e+04 2.2485000000e+04 2.0000000000e+00 3.0000000000e+00
2.3690000000e+01 1.0000000000e+01 1.2027000000e-02 1.4808000000e+04 4.0900000000e+03 2.0000000000e+00 1.0000000000e+00
1.1920000000e+01 2.0000000000e+01 3.6779000000e-02 7.9270000000e+03 2.5650000000e+03 2.0000000000e+00 1.0000000000e+00
1.8000000000e+01 -1.0000000000e+00 4.5558000000e-02 2.4381000000e+04 0.0000000000e+00 1.0000000000e+00 0.0000000000e+00
8.0000000000e+00 8.5700000000e+00 8.3650000000e-03 2.0722000000e+04 9.3270000000e+03 1.0000000000e+00 2.0000000000e+00
1.9600000000e+00 1.7930000000e+01 1.4889000000e-02 4.2813000000e+04 1.7828000000e+04 2.0000000000e+00 3.0000000000e+00
2.0000000000e+00 -1.0000000000e+00 1.4898000000e-02 2.6640000000e+03 0.0000000000e+00 1.0000000000e+00 0.0000000000e+00
2.4000000000e+01 1.4630000000e+01 3.9250000000e-02 2.1782000000e+04 8.0570000000e+03 1.0000000000e+00 2.0000000000e+00
2.1000000000e+01 -1.0000000000e+00 9.7350000000e-03 5.0300000000e+03 0.0000000000e+00 1.0000000000e+00 0.0000000000e+00
1.1000000000e+01 7.2100000000e+00 9.6900000000e-03 1.0373000000e+04 3.7460000000e+03 1.0000000000e+00 2.0000000000e+00
2.6000000000e+01 6.4300000000e+00 4.7664000000e-02 4.0031000000e+04 1.7832000000e+04 1.0000000000e+00 3.0000000000e+00
1.1000000000e+01 -1.0000000000e+00 6.5430000000e-03 1.2530000000e+03 0.0000000000e+00 1.0000000000e+00 0.0000000000e+00
1.9000000000e+00 6.0300000000e+00 1.2811000000e-02 2.8000000000e+04 1.0672000000e+04 2.0000000000e+00 3.0000000000e+00
4.0000000000e+00 -1.0000000000e+00 4.0625000000e-02 2.1543000000e+04 0.0000000000e+00 1.0000000000e+00 0.0000000000e+00
2.0000000000e+01 8.3600000000e+00 1.2588000000e-02 3.5855000000e+04 1.7712000000e+04 1.0000000000e+00 3.0000000000e+00
1.8000000000e+01 7.0000000000e+00 1.8395000000e-02 2.2199000000e+04 4.1200000000e+02 1.0000000000e+00 1.0000000000e+00
2.8100000000e+00 1.4740000000e+01 4.1547000000e-02 4.9759000000e+04 1.6541000000e+04 3.0000000000e+00 2.0000000000e+00
1.1000000000e+01 8.5100000000e+00 4.3632000000e-02 2.0010000000e+04 9.0520000000e+03 1.0000000000e+00 2.0000000000e+00
2.2400000000e+00 2.3280000000e+01 4.5171000000e-02 5.0781000000e+04 2.0409000000e+04 2.0000000000e+00 4.0000000000e+00
1.0000000000e+00 -1.0000000000e+00 4.5176000000e-02 3.5880000000e+03 0.0000000000e+00 1.0000000000e+00 0.0000000000e+00
8.0000000000e+00 6.1300000000e+00 1.7458000000e-02 2.7261000000e+04 1.3276000000e+04 1.0000000000e+00 3.0000000000e+00
1.2000000000e+01 2.5280000000e+01 4.7393000000e-02 2.7417000000e+04 1.1184000000e+04 1.0000000000e+00 2.0000000000e+00
1.9980000000e+01 5.5800000000e+00 5.6561000000e-02 4.0908000000e+04 2.4272000000e+04 2.0000000000e+00 4.0000000000e+00
2.0000000000e+00 -1.0000000000e+00 1.5789000000e-02 1.5840000000e+03 0.0000000000e+00 1.0000000000e+00 0.0000000000e+00
1.1000000000e+01 7.5200000000e+00 8.5110000000e-03 2.3424000000e+04 1.0468000000e+04 1.0000000000e+00 2.0000000000e+00
2.3800000000e+00 1.4220000000e+01 4.0491000000e-02 5.0670000000e+04 1.8839000000e+04 2.0000000000e+00 3.0000000000e+00
5.2800000000e+00 2.2580000000e+01 7.3990000000e-03 2.5128000000e+04 1.0939000000e+04 2.0000000000e+00 2.0000000000e+00
1.4000000000e+01 1.1990000000e+01 3.8815000000e-02 3.8873000000e+04 2.3832000000e+04 1.0000000000e+00 3.0000000000e+00
0.0000000000e+00 -1.0000000000e+00 5.8372000000e-02 1.0290000000e+04 0.0000000000e+00 1.0000000000e+00 0.0000000000e+00
9.0000000000e+00 3.0000000000e+01 4.1276000000e-02 2.2279000000e+04 2.7640000000e+03 1.0000000000e+00 1.0000000000e+00
2.0410000000e+01 1.8660000000e+01 8.9670000000e-03 4.3152000000e+04 1.7164000000e+04 2.0000000000e+00 2.0000000000e+00
1.7000000000e+01 1.3550000000e+01 1.4384000000e-02 1.9844000000e+04 8.0520000000e+03 1.0000000000e+00 2.0000000000e+00
1.0000000000e+00 1.5000000000e+01 4.0777000000e-02 9.5330000000e+03 5.1500000000e+02 1.0000000000e+00 1.0000000000e+00
1.0000000000e+00 8.5000000000e+00 1.2875000000e-02 2.9132000000e+04 9.8180000000e+03 1.0000000000e+00 2.0000000000e+00
0.0000000000e+00 -1.0000000000e+00 1.2881000000e-02 3.6520000000e+03 0.0000000000e+00 1.0000000000e+00 0.0000000000e+00
1.1780000000e+01 1.1220000000e+01 3.8950000000e-02 4.1664000000e+04 2.1203000000e+04 3.0000000000e+00 3.0000000000e+00
8.0000000000e+00 7.2400000000e+00 9.6420000000e-03 1.7127000000e+04 6.2390000000e+03 1.0000000000e+00 2.0000000000e+00
2.0000000000e+00 1.1880000000e+01 2.0597000000e-02 4.4769000000e+04 1.6353000000e+04 1.0000000000e+00 3.0000000000e+00
1.0000000000e+00 -1.0000000000e+00 2.0600000000e-02 5.7120000000e+03 0.0000000000e+00 1.0000000000e+00 0.0000000000e+00
2.0000000000e+00 -1.0000000000e+00 2.0606000000e-02 3.1100000000e+03 0.0000000000e+00 1.0000000000e+00 0.0000000000e+00
4.0000000000e+00 -1.0000000000e+00 2.4233000000e-02 2.4830000000e+03 0.0000000000e+00 1.0000000000e+00 0.0000000000e+00
2.0000000000e+01 5.6900000000e+00 7.9100000000e-03 2.1312000000e+04 7.7040000000e+03 1.0000000000e+00 2.0000000000e+00
1.7260000000e+01 1.2700000000e+01 3.9696000000e-02 3.0593000000e+04 1.4883000000e+04 2.0000000000e+00 3.0000000000e+00
1.3490000000e+01 5.9700000000e+00 5.0319000000e-02 3.9227000000e+04 2.1045000000e+04 2.0000000000e+00 3.0000000000e+00
4.0000000000e+00 6.0000000000e+00 1.1237000000e-02 1.5284000000e+04 3.8470000000e+03 1.0000000000e+00 1.0000000000e+00
1.8000000000e+01 1.7790000000e+01 1.4035000000e-02 3.3006000000e+04 1.9724000000e+04 1.0000000000e+00 3.0000000000e+00
1.4000000000e+01 5.5200000000e+00 1.4933000000e-02 4.0528000000e+04 2.7263000000e+04 1.0000000000e+00 4.0000000000e+00
2.7000000000e+01 1.6470000000e+01 1.0991000000e-02 3.3678000000e+04 1.4934000000e+04 1.0000000000e+00 2.0000000000e+00
1.0020000000e+01 7.5200000000e+00 1.3780000000e-02 2.8567000000e+04 1.3275000000e+04 2.0000000000e+00 2.0000000000e+00
1.4000000000e+01 5.8100000000e+00 1.3909000000e-02 2.9911000000e+04 1.6550000000e+04 1.0000000000e+00 3.0000000000e+00
8.0000000000e+00 1.6310000000e+01 3.6990000000e-02 1.2230000000e+04 4.7840000000e+03 1.0000000000e+00 2.0000000000e+00
1.5000000000e+01 1.8900000000e+01 1.6781000000e-02 2.2537000000e+04 1.1155000000e+04 1.0000000000e+00 3.0000000000e+00
2.0000000000e+00 -1.0000000000e+00 3.9295000000e-02 6.5530000000e+03 0.0000000000e+00 1.0000000000e+00 0.0000000000e+00
1.2000000000e+00 1.3590000000e+01 3.8535000000e-02 1.6620000000e+04 5.1210000000e+03 2.0000000000e+00 2.0000000000e+00
1.2000000000e+01 6.0000000000e+00 1.1592000000e-02 9.6950000000e+03 2.8080000000e+03 1.0000000000e+00 1.0000000000e+00
1.0370000000e+01 1.3510000000e+01 4.4033000000e-02 2.4325000000e+04 1.2178000000e+04 2.0000000000e+00 2.0000000000e+00
7.0000000000e-01 8.6100000000e+00 3.9595000000e-02 4.2570000000e+04 1.1547000000e+04 2.0000000000e+00 2.0000000000e+00
2.0000000000e+00 -1.0000000000e+00 3.9599000000e-02 3.5850000000e+03 0.0000000000e+00 1.0000000000e+00 0.0000000000e+00
4.5800000000e+00 -1.0000000000e+00 4.0441000000e-02 3.0883000000e+04 0.0000000000e+00 2.0000000000e+00 0.0000000000e+00
1.5000000000e+01 1.9210000000e+01 1.9941000000e-02 1.5831000000e+04 6.3060000000e+03 1.0000000000e+00 2.0000000000e+00
8.0000000000e+00 2.0340000000e+01 3.7912000000e-02 3.8407000000e+04 2.0146000000e+04 1.0000000000e+00 3.0000000000e+00
2.3850000000e+01 1.0700000000e+01 1.0602000000e-02 2.2290000000e+04 9.1490000000e+03 2.0000000000e+00 2.0000000000e+00
2.0000000000e+00 1.9000000000e+01 4.5602000000e-02 1.9463000000e+04 3.5300000000e+03 1.0000000000e+00 1.0000000000e+00
1.1000000000e+01 -1.0000000000e+00 1.1986000000e-02 1.9512000000e+04 0.0000000000e+00 1.0000000000e+00 0.0000000000e+00
1.1000000000e+01 -1.0000000000e+00 1.1321000000e-02 1.3350000000e+03 0.0000000000e+00 1.0000000000e+00 0.0000000000e+00
4.0000000000e+00 -1.0000000000e+00 3.0124000000e-02 3.4400000000e+02 0.0000000000e+00 1.0000000000e+00 0.0000000000e+00
1.5000000000e+01 2.1520000000e+01 3.7440000000e-02 9.3740000000e+03 3.0380000000e+03 1.0000000000e+00 2.0000000000e+00
8.0000000000e+00 1.2440000000e+01 1.2351000000e-02 1.5713000000e+04 6.6860000000e+03 1.0000000000e+00 2.0000000000e+00
9.0000000000e+00 2.0340000000e+01 1.7274000000e-02 1.6299000000e+04 5.9340000000e+03 1.0000000000e+00 2.0000000000e+00
1.7600000000e+00 1.0050000000e+01 4.1572000000e-02 3.9767000000e+04 1.6653000000e+04 2.0000000000e+00 3.0000000000e+00
3.0000000000e+00 -1.0000000000e+00 4.1576000000e-02 4.5360000000e+03 0.0000000000e+00 1.0000000000e+00 0.0000000000e+00
5.0000000000e+00 1.1340000000e+01 3.8298000000e-02 2.6784000000e+04 1.0799000000e+04 1.0000000000e+00 2.0000000000e+00
4.0000000000e+00 -1.0000000000e+00 3.8303000000e-02 3.4720000000e+03 0.0000000000e+00 1.0000000000e+00 0.0000000000e+00
1.1000000000e+01 1.4190000000e+01 9.5150000000e-03 4.3278000000e+04 2.8606000000e+04 1.0000000000e+00 3.0000000000e+00
1.2000000000e+01 -1.0000000000e+00 9.5190000000e-03 3.2520000000e+03 0.0000000000e+00 1.0000000000e+00 0.0000000000e+00
1.1000000000e+01 -1.0000000000e+00 2.0481000000e-02 8.9200000000e+02 0.0000000000e+00 1.0000000000e+00 0.0000000000e+00
2.0000000000e+00 1.9000000000e+01 4.0335000000e-02 1.3780000000e+04 2.1160000000e+03 1.0000000000e+00 1.0000000000e+00
1.0000000000e+00 -1.0000000000e+00 2.1468000000e-02 1.6700000000e+03 0.0000000000e+00 1.0000000000e+00 0.0000000000e+00
7.0000000000e+00 1.1490000000e+01 8.3500000000e-03 3.1803000000e+04 1.3586000000e+04 1.0000000000e+00 2.0000000000e+00
2.0000000000e+00 -1.0000000000e+00 1.0008000000e-02 4.1340000000e+03 0.0000000000e+00 1.0000000000e+00 0.0000000000e+00
2.4000000000e+01 2.3050000000e+01 4.9985000000e-02 3.4151000000e+04 1.8079000000e+04 1.0000000000e+00 3.0000000000e+00
4.0000000000e+00 7.5500000000e+00 7.0630000000e-03 2.1290000000e+04 7.2730000000e+03 1.0000000000e+00 2.0000000000e+00
1.4000000000e+01 1.1000000000e+01 1.1292000000e-02 1.6187000000e+04 4.7980000000e+03 1.0000000000e+00 1.0000000000e+00
2.0000000000e+00 2.1770000000e+01 4.2293000000e-02 4.0525000000e+04 1.4878000000e+04 1.0000000000e+00 3.0000000000e+00
2.4050000000e+01 6.7300000000e+00 1.1647000000e-02 3.6449000000e+04 1.9277000000e+04 2.0000000000e+00 3.0000000000e+00
2.3000000000e+01 -1.0000000000e+00 1.1651000000e-02 3.2030000000e+03 0.0000000000e+00 1.0000000000e+00 0.0000000000e+00
8.0000000000e+00 -1.0000000000e+00 1.1717000000e-02 2.3800000000e+03 0.0000000000e+00 1.0000000000e+00 0.0000000000e+00
1.8500000000e+00 2.1510000000e+01 4.0061000000e-02 2.5637000000e+04 8.5340000000e+03 2.0000000000e+00 2.0000000000e+00
2.4000000000e+01 1.2550000000e+01 4.5877000000e-02 2.0098000000e+04 7.5950000000e+03 1.0000000000e+00 2.0000000000e+00
1.0000000000e+00 -1.0000000000e+00 4.6713000000e-02 1.1920000000e+03 0.0000000000e+00 1.0000000000e+00 0.0000000000e+00
1.3000000000e+01 8.5400000000e+00 4.2716000000e-02 8.3530000000e+03 3.2890000000e+03 1.0000000000e+00 2.0000000000e+00
2.8100000000e+00 2.2460000000e+01 2.0414000000e-02 2.5003000000e+04 9.2330000000e+03 2.0000000000e+00 2.0000000000e+00
1.4000000000e+01 5.7400000000e+00 4.0473000000e-02 1.2626000000e+04 4.8640000000e+03 1.0000000000e+00 2.0000000000e+00
2.1000000000e+01 2.2520000000e+01 4.0402000000e-02 2.4922000000e+04 9.6890000000e+03 1.0000000000e+00 2.0000000000e+00
2.0000000000e+01 6.9900000000e+00 3.8235000000e-02 2.2070000000e+04 9.4390000000e+03 1.0000000000e+00 3.0000000000e+00
1.8000000000e+01 2.0670000000e+01 8.3000000000e-03 3.0612000000e+04 1.4727000000e+04 1.0000000000e+00 3.0000000000e+00
8.0000000000e+00 7.7000000000e+00 1.1643000000e-02 2.7795000000e+04 1.4175000000e+04 1.0000000000e+00 3.0000000000e+00
2.1000000000e+01 1.7130000000e+01 3.9564000000e-02 3.0588000000e+04 1.5890000000e+04 1.0000000000e+00 3.0000000000e+00
1.0130000000e+01 8.6400000000e+00 3.9753000000e-02 2.1366000000e+04 1.0242000000e+04 2.0000000000e+00 2.0000000000e+00
1.0000000000e+00 1.5000000000e+01 4.2495000000e-02 1.4358000000e+04 2.7410000000e+03 1.0000000000e+00 1.0000000000e+00
1.1650000000e+01 1.2520000000e+01 4.2210000000e-02 3.7162000000e+04 1.5696000000e+04 2.0000000000e+00 2.0000000000e+00
2.1000000000e+01 2.3910000000e+01 5.0864000000e-02 3.2138000000e+04 1.8918000000e+04 1.0000000000e+00 3.0000000000e+00
2.2000000000e+01 -1.0000000000e+00 5.0867000000e-02 3.7710000000e+03 0.0000000000e+00 1.0000000000e+00 0.0000000000e+00
1.5000000000e+01 2.3710000000e+01 5.1571000000e-02 1.7707000000e+04 7.3280000000e+03 1.0000000000e+00 2.0000000000e+00
4.0000000000e+00 -1.0000000000e+00 3.9007000000e-02 7.9360000000e+03 0.0000000000e+00 1.0000000000e+00 0.0000000000e+00
1.0720000000e+01 1.5040000000e+01 4.2486000000e-02 4.0629000000e+04 2.2014000000e+04 2.0000000000e+00 3.0000000000e+00
2.0000000000e+01 -1.0000000000e+00 4.6956000000e-02 1.2300000000e+02 0.0000000000e+00 1.0000000000e+00 0.0000000000e+00
8.1300000000e+00 1.4770000000e+01 1.0611000000e-02 1.5783000000e+04 6.7780000000e+03 2.0000000000e+00 2.0000000000e+00
2.0530000000e+01 1.7840000000e+01 1.4781000000e-02 4.0995000000e+04 1.9525000000e+04 2.0000000000e+00 3.0000000000e+00
1.4000000000e+01 1.1330000000e+01 3.7624000000e-02 2.8383000000e+04 1.2119000000e+04 1.0000000000e+00 2.0000000000e+00
1.2000000000e+01 1.8850000000e+01 1.2329000000e-02 2.5185000000e+04 9.5190000000e+03 1.0000000000e+00 2.0000000000e+00
1.4000000000e+01 7.0000000000e+00 4.0593000000e-02 1.5902000000e+04 4.8880000000e+03 1.0000000000e+00 1.0000000000e+00
1.0000000000e+00 7.0000000000e+00 4.6264000000e-02 3.2613000000e+04 4.8160000000e+03 1.0000000000e+00 1.0000000000e+00
0.0000000000e+00 -1.0000000000e+00 4.6269000000e-02 4.9780000000e+03 0.0000000000e+00 1.0000000000e+00 0.0000000000e+00
8.0000000000e+00 6.3200000000e+00 4.1439000000e-02 1.2260000000e+04 5.2800000000e+03 1.0000000000e+00 2.0000000000e+00
0.0000000000e+00 -1.0000000000e+00 3.4563000000e-02 9.2700000000e+02 0.0000000000e+00 1.0000000000e+00 0.0000000000e+00
2.1700000000e+00 1.1340000000e+01 1.1430000000e-02 3.9255000000e+04 1.3775000000e+04 2.0000000000e+00 3.0000000000e+00
1.8000000000e+01 1.0740000000e+01 1.2235000000e-02 2.6618000000e+04 9.9800000000e+03 1.0000000000e+00 2.0000000000e+00
1.1150000000e+01 1.4210000000e+01 7.8300000000e-03 4.7637000000e+04 2.7785000000e+04 2.0000000000e+00 3.0000000000e+00
4.0500000000e+00 1.0890000000e+01 4.0093000000e-02 2.7565000000e+04 1.2503000000e+04 2.0000000000e+00 3.0000000000e+00
4.0000000000e+00 8.5900000000e+00 4.3065000000e-02 9.5600000000e+03 2.9640000000e+03 1.0000000000e+00 2.0000000000e+00
1.7380000000e+01 2.0000000000e+01 4.3470000000e-02 1.2888000000e+04 3.5070000000e+03 2.0000000000e+00 1.0000000000e+00
7.0000000000e+00 -1.0000000000e+00 4.2051000000e-02 1.4750000000e+03 0.0000000000e+00 1.0000000000e+00 0.0000000000e+00
1.3400000000e+00 1.1010000000e+01 5.5839000000e-02 4.6431000000e+04 1.7848000000e+04 2.0000000000e+00 3.0000000000e+00
1.8000000000e+01 8.5700000000e+00 1.6641000000e-02 2.7712000000e+04 1.3329000000e+04 1.0000000000e+00 2.0000000000e+00
2.1000000000e+01 -1.0000000000e+00 7.4320000000e-03 4.8050000000e+03 0.0000000000e+00 1.0000000000e+00 0.0000000000e+00
7.7200000000e+00 1.9230000000e+01 1.0935000000e-02 5.1564000000e+04 2.7659000000e+04 2.0000000000e+00 4.0000000000e+00
1.1000000000e+01 1.6230000000e+01 5.0042000000e-02 3.0122000000e+04 1.1631000000e+04 1.0000000000e+00 2.0000000000e+00
2.1000000000e+01 -1.0000000000e+00 5.0727000000e-02 1.7874000000e+04 0.0000000000e+00 1.0000000000e+00 0.0000000000e+00
2.4830000000e+01 2.4000000000e+01 1.7161000000e-02 1.1589000000e+04 3.2310000000e+03 2.0000000000e+00 1.0000000000e+00
0.0000000000e+00 -1.0000000000e+00 9.5590000000e-03 6.7500000000e+02 0.0000000000e+00 1.0000000000e+00 0.0000000000e+00
3.0000000000e+00 -1.0000000000e+00 4.9533000000e-02 2.1200000000e+02 0.0000000000e+00 1.0000000000e+00 0.0000000000e+00
1.8000000000e+01 -1.0000000000e+00 1.7540000000e-02 4.8000000000e+01 0.0000000000e+00 1.0000000000e+00 0.0000000000e+00
1.7350000000e+01 1.6360000000e+01 3.7705000000e-02 2.2095000000e+04 9.2080000000e+03 2.0000000000e+00 2.0000000000e+00
1.1000000000e+01 1.4780000000e+01 5.0691000000e-02 3.7118000000e+04 1.9773000000e+04 1.0000000000e+00 3.0000000000e+00
5.0000000000e+00 1.3800000000e+01 1.0873000000e-02 1.2186000000e+04 3.4820000000e+03 1.0000000000e+00 2.0000000000e+00
2.0000000000e+00 9.6300000000e+00 4.1830000000e-02 3.8498000000e+04 1.2382000000e+04 1.0000000000e+00 3.0000000000e+00
1.7000000000e+01 1.1180000000e+01 7.6180000000e-03 1.8856000000e+04 7.2580000000e+03 1.0000000000e+00 2.0000000000e+00
1.8000000000e+00 1.6770000000e+01 1.0542000000e-02 5.1735000000e+04 2.2239000000e+04 2.0000000000e+00 4.0000000000e+00
0.0000000000e+00 2.4000000000e+01 4.5046000000e-02 2.6438000000e+04 6.2500000000e+03 1.0000000000e+00 3.0000000000e+00
1.7580000000e+01 1.3980000000e+01 4.5136000000e-02 4.2798000000e+04 2.1457000000e+04 2.0000000000e+00 3.0000000000e+00
1.5000000000e+01 2.2890000000e+01 2.8196000000e-02 1.6186000000e+04 5.2590000000e+03 1.0000000000e+00 2.0000000000e+00
1.0000000000e+00 -1.0000000000e+00 5.6106000000e-02 1.6490000000e+03 0.0000000000e+00 1.0000000000e+00 0.0000000000e+00
1.1000000000e+01 -1.0000000000e+00 1.5509000000e-02 4.1210000000e+03 0.0000000000e+00 1.0000000000e+00 0.0000000000e+00
1.6900000000e+01 2.0210000000e+01 6.8980000000e-03 3.9581000000e+04 1.8509000000e+04 3.0000000000e+00 3.0000000000e+00
1.0640000000e+01 1.2860000000e+01 1.8874000000e-02 5.0114000000e+04 2.7434000000e+04 2.0000000000e+00 3.0000000000e+00
1.6520000000e+01 8.4500000000e+00 8.2480000000e-03 2.6286000000e+04 1.1739000000e+04 2.0000000000e+00 2.0000000000e+00
4.7000000000e+00 9.6500000000e+00 8.3440000000e-03 1.1983000000e+04 5.5870000000e+03 2.0000000000e+00 2.0000000000e+00
4.5800000000e+00 1.1250000000e+01 8.3890000000e-03 3.1968000000e+04 1.4550000000e+04 2.0000000000e+00 3.0000000000e+00
7.9900000000e+00 7.0200000000e+00 1.2235000000e-02 3.9979000000e+04 2.5004000000e+04 3.0000000000e+00 3.0000000000e+00
0.0000000000e+00 -1.0000000000e+00 2.7014000000e-02 1.1880000000e+03 0.0000000000e+00 1.0000000000e+00 0.0000000000e+00
2.0000000000e+00 9.0900000000e+00 4.1590000000e-02 4.6620000000e+04 1.8497000000e+04 1.0000000000e+00 3.0000000000e+00
1.0000000000e+00 -1.0000000000e+00 4.1593000000e-02 5.8970000000e+03 0.0000000000e+00 1.0000000000e+00 0.0000000000e+00
2.0000000000e+00 -1.0000000000e+00 4.1599000000e-02 3.0670000000e+03 0.0000000000e+00 1.0000000000e+00 0.0000000000e+00
1.1000000000e+01 1.5000000000e+01 4.5375000000e-02 7.0890000000e+03 1.5130000000e+03 1.0000000000e+00 1.0000000000e+00
8.0000000000e+00 -1.0000000000e+00 4.7929000000e-02 1.5920000000e+03 0.0000000000e+00 1.0000000000e+00 0.0000000000e+00
0.0000000000e+00 -1.0000000000e+00 4.2483000000e-02 5.8700000000e+02 0.0000000000e+00 1.0000000000e+00 0.0000000000e+00
1.5000000000e+01 1.7970000000e+01 1.6013000000e-02 3.3941000000e+04 1.8092000000e+04 1.0000000000e+00 3.0000000000e+00
3.1000000000e+01 -1.0000000000e+00 1.6256000000e-02 1.8530000000e+03 0.0000000000e+00 1.0000000000e+00 0.0000000000e+00
1.9000000000e+01 -1.0000000000e+00 3.6624000000e-02 1.4480000000e+03 0.0000000000e+00 1.0000000000e+00 0.0000000000e+00
2.0450000000e+01 1.3970000000e+01 4.3389000000e-02 2.6944000000e+04 1.2748000000e+04 2.0000000000e+00 3.0000000000e+00
1.7000000000e+01 1.4000000000e+01 8.1940000000e-03 1.2610000000e+04 3.4730000000e+03 1.0000000000e+00 1.0000000000e+00
8.3600000000e+00 1.3730000000e+01 1.5963000000e-02 4.1445000000e+04 1.9469000000e+04 2.0000000000e+00 3.0000000000e+00
2.0000000000e+00 -1.0000000000e+00 2.3132000000e-02 1.5720000000e+04 0.0000000000e+00 1.0000000000e+00 0.0000000000e+00
8.0900000000e+00 1.0150000000e+01 1.4759000000e-02 4.5304000000e+04 2.6714000000e+04 2.0000000000e+00 3.0000000000e+00
1.7000000000e+01 -1.0000000000e+00 7.3500000000e-03 4.3130000000e+03 0.0000000000e+00 1.0000000000e+00 0.0000000000e+00
5.0000000000e+00 2.2000000000e+01 3.7234000000e-02 1.1190000000e+04 1.8310000000e+03 1.0000000000e+00 1.0000000000e+00
1.7480000000e+01 7.3300000000e+00 4.0614000000e-02 1.0825000000e+04 4.6980000000e+03 2.0000000000e+00 2.0000000000e+00
1.0000000000e+00 6.3000000000e+00 6.6150000000e-03 2.1169000000e+04 6.0220000000e+03 1.0000000000e+00 2.0000000000e+00
5.0000000000e+00 -1.0000000000e+00 1.3766000000e-02 3.7060000000e+03 0.0000000000e+00 1.0000000000e+00 0.0000000000e+00
3.0000000000e+00 -1.0000000000e+00 3.2981000000e-02 9.6700000000e+02 0.0000000000e+00 1.0000000000e+00 0.0000000000e+00
2.0000000000e+00 1.7440000000e+01 2.4212000000e-02 2.7689000000e+04 8.5230000000e+03 1.0000000000e+00 2.0000000000e+00
3.0000000000e+00 -1.0000000000e+00 3.1649000000e-02 1.2870000000e+03 0.0000000000e+00 1.0000000000e+00 0.0000000000e+00
1.0670000000e+01 5.9400000000e+00 3.8945000000e-02 3.4797000000e+04 1.7863000000e+04 2.0000000000e+00 3.0000000000e+00
1.4000000000e+01 1.6200000000e+01 4.6390000000e-02 1.7892000000e+04 7.5120000000e+03 1.0000000000e+00 2.0000000000e+00
1.1000000000e+01 5.6300000000e+00 1.6238000000e-02 2.3894000000e+04 1.0546000000e+04 1.0000000000e+00 2.0000000000e+00
7.8400000000e+00 8.8000000000e+00 3.9869000000e-02 4.1330000000e+04 2.1735000000e+04 2.0000000000e+00 3.0000000000e+00
2.0000000000e+01 9.6200000000e+00 3.7367000000e-02 2.1120000000e+04 8.3450000000e+03 1.0000000000e+00 2.0000000000e+00
7.0000000000e-01 7.0900000000e+00 1.0863000000e-02 4.6403000000e+04 1.7203000000e+04 2.0000000000e+00 3.0000000000e+00
2.0000000000e+00 -1.0000000000e+00 1.0867000000e-02 4.2930000000e+03 0.0000000000e+00 1.0000000000e+00 0.0000000000e+00
6.0000000000e+00 -1.0000000000e+00 1.1147000000e-02 1.4990000000e+03 0.0000000000e+00 1.0000000000e+00 0.0000000000e+00
2.3000000000e+01 -1.0000000000e+00 2.3994000000e-02 2.1700000000e+02 0.0000000000e+00 1.0000000000e+00 0.0000000000e+00
1.4000000000e+01 -1.0000000000e+00 1.5528000000e-02 8.8700000000e+02 0.0000000000e+00 1.0000000000e+00 0.0000000000e+00
8.0000000000e+00 -1.0000000000e+00 4.2394000000e-02 2.3183000000e+04 0.0000000000e+00 1.0000000000e+00 0.0000000000e+00
2.0270000000e+01 -1.0000000000e+00 1.8680000000e-03 2.6740000000e+03 0.0000000000e+00 2.0000000000e+00 0.0000000000e+00
1.1000000000e+01 -1.0000000000e+00 4.2257000000e-02 5.8860000000e+03 0.0000000000e+00 1.0000000000e+00 0.0000000000e+00
2.1000000000e+01 -1.0000000000e+00 1.5377000000e-02 3.2590000000e+03 0.0000000000e+00 1.0000000000e+00 0.0000000000e+00
8.0000000000e+00 -1.0000000000e+00 1.7085000000e-02 1.6930000000e+03 0.0000000000e+00 1.0000000000e+00 0.0000000000e+00
1.1370000000e+01 1.7360000000e+01 1.7766000000e-02 2.7240000000e+04 1.2758000000e+04 2.0000000000e+00 3.0000000000e+00
1.7000000000e+01 -1.0000000000e+00 1.2049000000e-02 5.0680000000e+03 0.0000000000e+00 1.0000000000e+00 0.0000000000e+00
2.5000000000e+01 2.2620000000e+01 4.1771000000e-02 1.4811000000e+04 5.0380000000e+03 1.0000000000e+00 2.0000000000e+00
2.4000000000e+01 1.4000000000e+01 4.5813000000e-02 7.7090000000e+03 1.0900000000e+03 1.0000000000e+00 1.0000000000e+00
4.0000000000e+00 7.7400000000e+00 8.8120000000e-03 3.6574000000e+04 1.6076000000e+04 1.0000000000e+00 3.0000000000e+00
5.0000000000e+00 -1.0000000000e+00 8.8160000000e-03 5.8530000000e+03 0.0000000000e+00 1.0000000000e+00 0.0000000000e+00
2.1000000000e+01 -1.0000000000e+00 2.0635000000e-02 3.1530000000e+03 0.0000000000e+00 1.0000000000e+00 0.0000000000e+00
7.0000000000e+00 -1.0000000000e+00 4.4160000000e-03 6.5500000000e+02 0.0000000000e+00 1.0000000000e+00 0.0000000000e+00
2.5170000000e+01 2.4240000000e+01 4.4848000000e-02 1.6094000000e+04 5.6560000000e+03 2.0000000000e+00 2.0000000000e+00
1.7240000000e+01 1.1260000000e+01 1.1234000000e-02 1.8299000000e+04 7.8710000000e+03 2.0000000000e+00 2.0000000000e+00
1.7060000000e+01 8.8400000000e+00 1.0210000000e-02 3.4120000000e+04 1.8112000000e+04 2.0000000000e+00 3.0000000000e+00
4.0000000000e+00 8.6300000000e+00 4.0200000000e-02 2.9696000000e+04 1.1912000000e+04 1.0000000000e+00 2.0000000000e+00
5.0000000000e+00 -1.0000000000e+00 4.0204000000e-02 4.5110000000e+03 0.0000000000e+00 1.0000000000e+00 0.0000000000e+00
2.1000000000e+01 1.4300000000e+01 1.5036000000e-02 3.7462000000e+04 2.5465000000e+04 1.0000000000e+00 4.0000000000e+00
2.2000000000e+01 -1.0000000000e+00 1.5039000000e-02 4.7960000000e+03 0.0000000000e+00 1.0000000000e+00 0.0000000000e+00
1.4000000000e+01 1.3190000000e+01 9.5540000000e-03 4.2807000000e+04 2.8436000000e+04 1.0000000000e+00 3.0000000000e+00
3.0000000000e+00 -1.0000000000e+00 1.3025000000e-02 1.7490000000e+03 0.0000000000e+00 1.0000000000e+00 0.0000000000e+00
7.4300000000e+00 1.2590000000e+01 9.4000000000e-03 2.6373000000e+04 1.1269000000e+04 2.0000000000e+00 2.0000000000e+00
2.0000000000e+00 -1.0000000000e+00 4.1327000000e-02 8.3700000000e+03 0.0000000000e+00 1.0000000000e+00 0.0000000000e+00
2.8000000000e+01 2.1580000000e+01 3.7827000000e-02 1.5219000000e+04 5.1830000000e+03 1.0000000000e+00 2.0000000000e+00
1.4000000000e+01 -1.0000000000e+00 4.6224000000e-02 7.5660000000e+03 0.0000000000e+00 1.0000000000e+00 0.0000000000e+00
8.8400000000e+00 1.8250000000e+01 1.8600000000e-02 4.1723000000e+04 2.2529000000e+04 2.0000000000e+00 3.0000000000e+00
1.7890000000e+01 1.8560000000e+01 1.3109000000e-02 3.8229000000e+04 2.3825000000e+04 2.0000000000e+00 4.0000000000e+00
1.9000000000e+01 -1.0000000000e+00 1.3113000000e-02 3.4850000000e+03 0.0000000000e+00 1.0000000000e+00 0.0000000000e+00
1.7000000000e+01 1.6260000000e+01 1.4779000000e-02 3.1014000000e+04 1.6018000000e+04 1.0000000000e+00 3.0000000000e+00
3.1000000000e+01 -1.0000000000e+00 1.4625000000e-02 1.5990000000e+03 0.0000000000e+00 1.0000000000e+00 0.0000000000e+00
5.0000000000e+00 -1.0000000000e+00 2.8628000000e-02 1.2000000000e+03 0.0000000000e+00 1.0000000000e+00 0.0000000000e+00
6.0000000000e+00 2.4800000000e+01 1.1872000000e-02 4.3901000000e+04 2.8790000000e+04 1.0000000000e+00 3.0000000000e+00
5.0000000000e+00 -1.0000000000e+00 1.1875000000e-02 5.0520000000e+03 0.0000000000e+00 1.0000000000e+00 0.0000000000e+00
1.6000000000e+01 -1.0000000000e+00 1.1172000000e-02 1.9660000000e+03 0.0000000000e+00 1.0000000000e+00 0.0000000000e+00
4.2300000000e+00 1.3570000000e+01 2.2774000000e-02 1.8378000000e+04 8.3810000000e+03 2.0000000000e+00 2.0000000000e+00
1.4410000000e+01 1.1560000000e+01 4.6840000000e-02 5.3156000000e+04 2.8405000000e+04 2.0000000000e+00 4.0000000000e+00
1.5000000000e+01 -1.0000000000e+00 5.6458000000e-02 1.3950000000e+03 0.0000000000e+00 1.0000000000e+00 0.0000000000e+00
1.8000000000e+01 -1.0000000000e+00 1.1998000000e-02 2.9920000000e+03 0.0000000000e+00 1.0000000000e+00 0.0000000000e+00
5.7500000000e+00 2.5440000000e+01 4.0424000000e-02 1.5869000000e+04 8.3780000000e+03 2.0000000000e+00 2.0000000000e+00
2.5000000000e+01 2.2420000000e+01 5.2091000000e-02 2.6113000000e+04 9.7660000000e+03 1.0000000000e+00 2.0000000000e+00
2.0000000000e+00 1.1480000000e+01 2.3177000000e-02 3.1785000000e+04 8.0050000000e+03 1.0000000000e+00 2.0000000000e+00
3.0000000000e+00 -1.0000000000e+00 2.3182000000e-02 4.3600000000e+03 0.0000000000e+00 1.0000000000e+00 0.0000000000e+00
2.1260000000e+01 1.6740000000e+01 4.2462000000e-02 3.8273000000e+04 1.8720000000e+04 2.0000000000e+00 3.0000000000e+00
3.0000000000e+00 -1.0000000000e+00 2.1271000000e-02 1.9010000000e+03 0.0000000000e+00 1.0000000000e+00 0.0000000000e+00
1.0000000000e+00 6.4600000000e+00 1.1472000000e-02 2.5420000000e+04 8.5500000000e+03 1.0000000000e+00 2.0000000000e+00
2.1500000000e+00 1.5770000000e+01 1.3132000000e-02 4.9734000000e+04 2.2496000000e+04 2.0000000000e+00 4.0000000000e+00
1.0000000000e+00 -1.0000000000e+00 1.3136000000e-02 5.1730000000e+03 0.0000000000e+00 1.0000000000e+00 0.0000000000e+00
2.0000000000e+00 -1.0000000000e+00 1.3141000000e-02 2.5210000000e+03 0.0000000000e+00 1.0000000000e+00 0.0000000000e+00
1.8200000000e+00 8.4800000000e+00 1.1443000000e-02 2.9548000000e+04 1.0068000000e+04 2.0000000000e+00 2.0000000000e+00
1.7000000000e+01 1.0000000000e+01 3.9484000000e-02 1.0231000000e+04 2.3900000000e+03 1.0000000000e+00 1.0000000000e+00
9.0000000000e+00 2.5560000000e+01 1.0835000000e-02 4.3800000000e+04 3.1891000000e+04 1.0000000000e+00 4.0000000000e+00
1.4000000000e+01 1.4030000000e+01 4.3030000000e-02 3.7381000000e+04 2.2186000000e+04 1.0000000000e+00 3.0000000000e+00
2.3970000000e+01 9.4600000000e+00 1.5386000000e-02 2.7968000000e+04 1.2166000000e+04 2.0000000000e+00 2.0000000000e+00
1.2600000000e+00 8.4900000000e+00 4.2860000000e-02 2.8757000000e+04 1.0067000000e+04 2.0000000000e+00 2.0000000000e+00
1.1000000000e+01 2.1330000000e+01 4.2702000000e-02 2.7650000000e+04 1.1251000000e+04 1.0000000000e+00 2.0000000000e+00
4.0000000000e+00 -1.0000000000e+00 9.1230000000e-03 3.3600000000e+02 0.0000000000e+00 1.0000000000e+00 0.0000000000e+00
1.7000000000e+01 5.9100000000e+00 1.2861000000e-02 2.9552000000e+04 1.5987000000e+04 1.0000000000e+00 3.0000000000e+00
1.6000000000e+01 -1.0000000000e+00 1.2866000000e-02 3.4140000000e+03 0.0000000000e+00 1.0000000000e+00 0.0000000000e+00
4.0000000000e+00 -1.0000000000e+00 5.4470000000e-03 1.3910000000e+03 0.0000000000e+00 1.0000000000e+00 0.0000000000e+00
1.8140000000e+01 2.5390000000e+01 7.0830000000e-03 1.0328000000e+04 4.2810000000e+03 2.0000000000e+00 2.0000000000e+00
1.1000000000e+01 -1.0000000000e+00 4.0516000000e-02 3.8950000000e+03 0.0000000000e+00 1.0000000000e+00 0.0000000000e+00
2.4470000000e+01 2.3960000000e+01 1.2807000000e-02 2.6788000000e+04 1.2259000000e+04 2.0000000000e+00 3.0000000000e+00
0.0000000000e+00 -1.0000000000e+00 5.2254000000e-02 1.0060000000e+03 0.0000000000e+00 1.0000000000e+00 0.0000000000e+00
2.0000000000e+00 2.1000000000e+01 1.8171000000e-02 1.9819000000e+04 3.2650000000e+03 1.0000000000e+00 1.0000000000e+00
1.9000000000e+01 -1.0000000000e+00 7.9300000000e-03 1.8270000000e+03 0.0000000000e+00 1.0000000000e+00 0.0000000000e+00
2.0000000000e+00 1.4030000000e+01 3.8845000000e-02 2.6075000000e+04 8.6190000000e+03 1.0000000000e+00 3.0000000000e+00
1.1000000000e+01 7.8700000000e+00 1.8377000000e-02 4.2537000000e+04 3.0658000000e+04 1.0000000000e+00 3.0000000000e+00
1.2000000000e+01 -1.0000000000e+00 1.8381000000e-02 3.4010000000e+03 0.0000000000e+00 1.0000000000e+00 0.0000000000e+00
2.0020000000e+01 9.2200000000e+00 4.2023000000e-02 3.8902000000e+04 2.1633000000e+04 2.0000000000e+00 3.0000000000e+00
2.0000000000e+00 8.5600000000e+00 4.5909000000e-02 1.9782000000e+04 6.5360000000e+03 1.0000000000e+00 2.0000000000e+00
1.1000000000e+01 1.3300000000e+01 3.7108000000e-02 3.5216000000e+04 1.6863000000e+04 1.0000000000e+00 3.0000000000e+00
2.1000000000e+01 -1.0000000000e+00 7.1170000000e-03 8.0750000000e+03 0.0000000000e+00 1.0000000000e+00 0.0000000000e+00
5.0000000000e+00 2.1370000000e+01 1.1573000000e-02 2.1937000000e+04 8.6040000000e+03 1.0000000000e+00 2.0000000000e+00
8.0000000000e+00 1.5130000000e+01 1.4751000000e-02 3.1485000000e+04 1.5098000000e+04 1.0000000000e+00 3.0000000000e+00
2.3950000000e+01 6.9300000000e+00 3.9824000000e-02 3.0860000000e+04 1.6722000000e+04 2.0000000000e+00 3.0000000000e+00
2.0000000000e+00 2.2480000000e+01 1.0148000000e-02 3.1172000000e+04 9.3090000000e+03 1.0000000000e+00 2.0000000000e+00
3.0000000000e+00 -1.0000000000e+00 1.0153000000e-02 4.4650000000e+03 0.0000000000e+00 1.0000000000e+00 0.0000000000e+00
2.4000000000e+01 1.1000000000e+01 2.2965000000e-02 1.0679000000e+04 2.6160000000e+03 1.0000000000e+00 1.0000000000e+00
2.4000000000e+01 -1.0000000000e+00 9.5370000000e-03 4.7680000000e+03 0.0000000000e+00 1.0000000000e+00 0.0000000000e+00
8.0000000000e+00 6.2200000000e+00 4.2875000000e-02 3.7488000000e+04 2.0097000000e+04 1.0000000000e+00 3.0000000000e+00
1.4840000000e+01 2.0310000000e+01 4.4086000000e-02 3.7945000000e+04 2.0576000000e+04 2.0000000000e+00 3.0000000000e+00
2.0830000000e+01 6.0300000000e+00 7.5350000000e-03 3.2788000000e+04 1.8890000000e+04 2.0000000000e+00 3.0000000000e+00
4.7900000000e+00 1.1440000000e+01 3.8751000000e-02 2.6242000000e+04 1.0920000000e+04 2.0000000000e+00 2.0000000000e+00
1.1000000000e+01 9.7100000000e+00 1.0551000000e-02 2.1931000000e+04 7.6560000000e+03 1.0000000000e+00 2.0000000000e+00
6.0000000000e+00 -1.0000000000e+00 5.6847000000e-02 8.9420000000e+03 0.0000000000e+00 1.0000000000e+00 0.0000000000e+00
2.1780000000e+01 1.2630000000e+01 3.0619000000e-02 1.9379000000e+04 7.6750000000e+03 2.0000000000e+00 2.0000000000e+00
7.0200000000e+00 5.8000000000e+00 3.6665000000e-02 3.7421000000e+04 2.0215000000e+04 2.0000000000e+00 3.0000000000e+00
2.0000000000e+01 6.0000000000e+00 4.5923000000e-02 1.0869000000e+04 2.6400000000e+03 1.0000000000e+00 1.0000000000e+00
1.7570000000e+01 7.6500000000e+00 3.9969000000e-02 4.3642000000e+04 2.1623000000e+04 2.0000000000e+00 3.0000000000e+00
5.0000000000e+00 5.7400000000e+00 4.5043000000e-02 1.5049000000e+04 6.3000000000e+03 1.0000000000e+00 2.0000000000e+00
6.0000000000e+00 -1.0000000000e+00 3.2413000000e-02 1.5700000000e+02 0.0000000000e+00 1.0000000000e+00 0.0000000000e+00
1.0000000000e+00 -1.0000000000e+00 3.7522000000e-02 6.9910000000e+03 0.0000000000e+00 1.0000000000e+00 0.0000000000e+00
1.7000000000e+01 8.1100000000e+00 7.0920000000e-03 3.8743000000e+04 2.4998000000e+04 1.0000000000e+00 3.0000000000e+00
1.8000000000e+01 -1.0000000000e+00 7.0960000000e-03 3.7250000000e+03 0.0000000000e+00 1.0000000000e+00 0.0000000000e+00
2.0790000000e+01 2.1970000000e+01 3.8135000000e-02 3.3292000000e+04 1.7856000000e+04 2.0000000000e+00 3.0000000000e+00
3.1000000000e+01 -1.0000000000e+00 5.3894000000e-02 8.2800000000e+02 0.0000000000e+00 1.0000000000e+00 0.0000000000e+00
2.0000000000e+00 -1.0000000000e+00 1.9281000000e-02 7.7000000000e+02 0.0000000000e+00 1.0000000000e+00 0.0000000000e+00
2.0000000000e+01 6.0000000000e+00 4.4539000000e-02 7.7840000000e+03 9.9500000000e+02 1.0000000000e+00 1.0000000000e+00
5.0000000000e+00 -1.0000000000e+00 6.8200000000e-03 6.8900000000e+02 0.0000000000e+00 1.0000000000e+00 0.0000000000e+00
8.0000000000e+00 1.5300000000e+01 4.0537000000e-02 3.3729000000e+04 1.3736000000e+04 1.0000000000e+00 3.0000000000e+00
1.4740000000e+01 1.3650000000e+01 1.4455000000e-02 1.0990000000e+04 5.3030000000e+03 2.0000000000e+00 2.0000000000e+00
1.1000000000e+01 1.3800000000e+01 1.3949000000e-02 1.4928000000e+04 5.6480000000e+03 1.0000000000e+00 2.0000000000e+00
1.8000000000e+01 1.5000000000e+01 2.2509000000e-02 1.2925000000e+04 3.3460000000e+03 1.0000000000e+00 1.0000000000e+00
1.9660000000e+01 7.4100000000e+00 1.2543000000e-02 3.9279000000e+04 1.9634000000e+04 2.0000000000e+00 4.0000000000e+00
3.1000000000e+01 -1.0000000000e+00 4.6900000000e-03 2.1480000000e+03 0.0000000000e+00 1.0000000000e+00 0.0000000000e+00
2.1000000000e+01 1.7190000000e+01 4.1784000000e-02 3.7490000000e+04 2.3416000000e+04 1.0000000000e+00 3.0000000000e+00
2.2000000000e+01 -1.0000000000e+00 4.1787000000e-02 4.3290000000e+03 0.0000000000e+00 1.0000000000e+00 0.0000000000e+00
1.6400000000e+00 1.6450000000e+01 1.0521000000e-02 3.6787000000e+04 1.3258000000e+04 2.0000000000e+00 2.0000000000e+00
2.4000000000e+01 1.0000000000e+01 1.6815000000e-02 1.3015000000e+04 3.1380000000e+03 1.0000000000e+00 1.0000000000e+00
1.4000000000e+01 1.0960000000e+01 4.3314000000e-02 2.5369000000e+04 1.0694000000e+04 1.0000000000e+00 3.0000000000e+00
1.8000000000e+01 1.9760000000e+01 9.7450000000e-03 2.7094000000e+04 1.1040000000e+04 1.0000000000e+00 3.0000000000e+00
2.4200000000e+01 7.1500000000e+00 1.5037000000e-02 2.7151000000e+04 1.3996000000e+04 2.0000000000e+00 3.0000000000e+00
1.1000000000e+01 1.3500000000e+01 1.6602000000e-02 1.8065000000e+04 8.4000000000e+03 1.0000000000e+00 2.0000000000e+00
1.7460000000e+01 1.6530000000e+01 3.9540000000e-02 2.0359000000e+04 9.3120000000e+03 2.0000000000e+00 2.0000000000e+00
4.4300000000e+00 1.6220000000e+01 4.3782000000e-02 4.4887000000e+04 1.7489000000e+04 2.0000000000e+00 2.0000000000e+00
1.0000000000e+00 1.1340000000e+01 3.7346000000e-02 2.0958000000e+04 5.0500000000e+03 1.0000000000e+00 2.0000000000e+00
1.9730000000e+01 7.5900000000e+00 1.3057000000e-02 4.8862000000e+04 2.5907000000e+04 2.0000000000e+00 4.0000000000e+00
2.5400000000e+00 2.2540000000e+01 4.4932000000e-02 2.0016000000e+04 7.2820000000e+03 2.0000000000e+00 2.0000000000e+00
1.1000000000e+01 2.2660000000e+01 1.1923000000e-02 2.4574000000e+04 1.0298000000e+04 1.0000000000e+00 2.0000000000e+00
1.1000000000e+01 -1.0000000000e+00 1.5917000000e-02 4.3998000000e+04 0.0000000000e+00 1.0000000000e+00 0.0000000000e+00
1.2000000000e+01 -1.0000000000e+00 1.5921000000e-02 4.4640000000e+03 0.0000000000e+00 1.0000000000e+00 0.0000000000e+00
5.0000000000e+00 -1.0000000000e+00 5.6089000000e-02 1.0120000000e+03 0.0000000000e+00 1.0000000000e+00 0.0000000000e+00
1.4570000000e+01 1.9990000000e+01 1.6414000000e-02 1.9337000000e+04 1.0225000000e+04 2.0000000000e+00 3.0000000000e+00
1.7000000000e+01 5.8300000000e+00 4.3586000000e-02 3.4045000000e+04 1.9312000000e+04 1.0000000000e+00 3.0000000000e+00
1.0420000000e+01 1.7990000000e+01 5.5800000000e-03 4.6136000000e+04 2.5760000000e+04 2.0000000000e+00 3.0000000000e+00
5.1500000000e+00 2.4680000000e+01 5.6274000000e-02 3.7906000000e+04 1.7679000000e+04 2.0000000000e+00 3.0000000000e+00
4.0000000000e+00 -1.0000000000e+00 5.6278000000e-02 5.5390000000e+03 0.0000000000e+00 1.0000000000e+00 0.0000000000e+00
2.1000000000e+01 8.3700000000e+00 1.4814000000e-02 1.1753000000e+04 4.2000000000e+03 1.0000000000e+00 2.0000000000e+00
1.8000000000e+01 2.2590000000e+01 4.1053000000e-02 1.5353000000e+04 6.3550000000e+03 1.0000000000e+00 2.0000000000e+00
1.7000000000e+01 1.5110000000e+01 9.7240000000e-03 3.4050000000e+04 1.8845000000e+04 1.0000000000e+00 3.0000000000e+00
0.0000000000e+00 -1.0000000000e+00 4.3881000000e-02 1.8060000000e+03 0.0000000000e+00 1.0000000000e+00 0.0000000000e+00
5.0000000000e+00 7.0000000000e+00 4.2162000000e-02 4.1034000000e+04 7.9740000000e+03 1.0000000000e+00 1.0000000000e+00
5.0000000000e+00 -1.0000000000e+00 4.2171000000e-02 2.4440000000e+03 0.0000000000e+00 1.0000000000e+00 0.0000000000e+00
1.0000000000e+00 6.2200000000e+00 4.1706000000e-02 2.2541000000e+04 5.6930000000e+03 1.0000000000e+00 2.0000000000e+00
2.1000000000e+01 -1.0000000000e+00 3.6037000000e-02 2.0100000000e+03 0.0000000000e+00 1.0000000000e+00 0.0000000000e+00
1.5000000000e+00 9.3300000000e+00 1.3605000000e-02 4.6652000000e+04 1.8673000000e+04 2.0000000000e+00 4.0000000000e+00
5.4800000000e+00 7.2400000000e+00 1.6931000000e-02 4.9943000000e+04 2.7977000000e+04 2.0000000000e+00 4.0000000000e+00
4.0000000000e+00 -1.0000000000e+00 1.6935000000e-02 5.3850000000e+03 0.0000000000e+00 1.0000000000e+00 0.0000000000e+00
4.0000000000e+00 7.9100000000e+00 9.2740000000e-03 4.8411000000e+04 2.6263000000e+04 1.0000000000e+00 3.0000000000e+00
3.0000000000e+00 -1.0000000000e+00 9.2770000000e-03 5.6420000000e+03 0.0000000000e+00 1.0000000000e+00 0.0000000000e+00
5.0000000000e+00 1.9000000000e+01 4.8848000000e-02 1.3809000000e+04 4.5510000000e+03 1.0000000000e+00 1.0000000000e+00
2.1000000000e+01 5.6400000000e+00 7.1290000000e-03 2.9488000000e+04 1.5611000000e+04 1.0000000000e+00 3.0000000000e+00
2.0000000000e+00 -1.0000000000e+00 5.9138000000e-02 1.6320000000e+03 0.0000000000e+00 1.0000000000e+00 0.0000000000e+00
1.5000000000e+01 -1.0000000000e+00 3.7929000000e-02 3.7900000000e+03 0.0000000000e+00 1.0000000000e+00 0.0000000000e+00
5.6200000000e+00 2.1650000000e+01 4.1238000000e-02 2.3529000000e+04 1.0472000000e+04 2.0000000000e+00 2.0000000000e+00
4.0000000000e+00 8.7200000000e+00 4.3466000000e-02 1.2465000000e+04 4.1180000000e+03 1.0000000000e+00 2.0000000000e+00
1.1000000000e+01 1.3700000000e+01 4.1149000000e-02 3.4373000000e+04 1.8893000000e+04 1.0000000000e+00 3.0000000000e+00
1.0000000000e+01 1.1000000000e+01 1.1194000000e-02 7.9560000000e+03 2.4740000000e+03 1.0000000000e+00 1.0000000000e+00
2.0000000000e+01 1.1990000000e+01 8.2660000000e-03 3.7755000000e+04 1.7695000000e+04 1.0000000000e+00 3.0000000000e+00
4.6500000000e+00 5.8000000000e+00 4.6741000000e-02 5.3093000000e+04 2.9390000000e+04 2.0000000000e+00 4.0000000000e+00
2.0000000000e+00 -1.0000000000e+00 4.6746000000e-02 2.7860000000e+03 0.0000000000e+00 1.0000000000e+00 0.0000000000e+00
1.4000000000e+01 8.6100000000e+00 7.8180000000e-03 1.7859000000e+04 8.0580000000e+03 1.0000000000e+00 2.0000000000e+00
5.0000000000e+00 -1.0000000000e+00 2.1871000000e-02 1.6170000000e+03 0.0000000000e+00 1.0000000000e+00 0.0000000000e+00
2.4590000000e+01 2.5810000000e+01 5.6913000000e-02 3.7235000000e+04 1.8210000000e+04 2.0000000000e+00 3.0000000000e+00
2.7000000000e+01 -1.0000000000e+00 4.1860000000e-02 1.6097000000e+04 0.0000000000e+00 1.0000000000e+00 0.0000000000e+00
1.8000000000e+01 -1.0000000000e+00 3.3280000000e-03 1.4895000000e+04 0.0000000000e+00 1.0000000000e+00 0.0000000000e+00
2.6000000000e+01 -1.0000000000e+00 6.0650000000e-03 9.1200000000e+02 0.0000000000e+00 1.0000000000e+00 0.0000000000e+00
2.1000000000e+01 2.3040000000e+01 4.3077000000e-02 2.1758000000e+04 9.4460000000e+03 1.0000000000e+00 3.0000000000e+00
4.0000000000e+00 -1.0000000000e+00 5.5010000000e-03 1.7340000000e+03 0.0000000000e+00 1.0000000000e+00 0.0000000000e+00
1.1000000000e+01 1.7420000000e+01 1.3799000000e-02 9.5900000000e+03 3.0170000000e+03 1.0000000000e+00 2.0000000000e+00
2.0000000000e+00 -1.0000000000e+00 5.8266000000e-02 1.3740000000e+03 0.0000000000e+00 1.0000000000e+00 0.0000000000e+00
5.0000000000e+00 8.7000000000e+00 3.8881000000e-02 9.4330000000e+03 3.5530000000e+03 1.0000000000e+00 2.0000000000e+00
1.8000000000e+01 2.1300000000e+01 4.0065000000e-02 1.7070000000e+04 6.4890000000e+03 1.0000000000e+00 2.0000000000e+00
3.1000000000e+01 -1.0000000000e+00 4.2280000000e-03 2.3340000000e+03 0.0000000000e+00 1.0000000000e+00 0.0000000000e+00
1.7000000000e+01 1.6510000000e+01 9.5690000000e-03 2.5388000000e+04 1.1079000000e+04 1.0000000000e+00 2.0000000000e+00
2.1000000000e+01 5.6900000000e+00 2.3232000000e-02 3.5666000000e+04 2.2558000000e+04 1.0000000000e+00 3.0000000000e+00
2.2000000000e+01 -1.0000000000e+00 2.3236000000e-02 3.5560000000e+03 0.0000000000e+00 1.0000000000e+00 0.0000000000e+00
2.0340000000e+01 1.4360000000e+01 1.2539000000e-02 5.6923000000e+04 3.2756000000e+04 2.0000000000e+00 4.0000000000e+00
2.2000000000e+01 -1.0000000000e+00 1.2543000000e-02 3.4090000000e+03 0.0000000000e+00 1.0000000000e+00 0.0000000000e+00
7.6300000000e+00 8.9400000000e+00 3.9411000000e-02 4.7327000000e+04 2.5502000000e+04 2.0000000000e+00 3.0000000000e+00
2.3000000000e+01 -1.0000000000e+00 2.5809000000e-02 1.0280000000e+03 0.0000000000e+00 1.0000000000e+00 0.0000000000e+00
2.1000000000e+01 1.6530000000e+01 3.8742000000e-02 3.2608000000e+04 1.6231000000e+04 1.0000000000e+00 2.0000000000e+00
8.0000000000e+00 1.4000000000e+01 1.0714000000e-02 1.3105000000e+04 4.5500000000e+03 1.0000000000e+00 1.0000000000e+00
2.0000000000e+01 -1.0000000000e+00 4.7633000000e-02 2.7000000000e+01 0.0000000000e+00 1.0000000000e+00 0.0000000000e+00
2.0000000000e+00 -1.0000000000e+00 3.8762000000e-02 2.2500000000e+02 0.0000000000e+00 1.0000000000e+00 0.0000000000e+00
1.1370000000e+01 1.0710000000e+01 4.1345000000e-02 4.0945000000e+04 1.8266000000e+04 2.0000000000e+00 3.0000000000e+00
2.0000000000e+00 1.1000000000e+01 3.7932000000e-02 1.9177000000e+04 3.5220000000e+03 1.0000000000e+00 1.0000000000e+00
2.2000000000e+01 -1.0000000000e+00 5.9904000000e-02 4.8200000000e+02 0.0000000000e+00 1.0000000000e+00 0.0000000000e+00
4.5000000000e+00 1.6230000000e+01 4.0409000000e-02 3.5403000000e+04 1.6664000000e+04 2.0000000000e+00 3.0000000000e+00
1.4000000000e+01 5.6100000000e+00 3.9891000000e-02 2.4448000000e+04 1.0435000000e+04 1.0000000000e+00 2.0000000000e+00
2.0000000000e+00 -1.0000000000e+00 2.2341000000e-02 1.2900000000e+03 0.0000000000e+00 1.0000000000e+00 0.0000000000e+00
4.3900000000e+00 7.1400000000e+00 4.7972000000e-02 5.1105000000e+04 2.6755000000e+04 2.0000000000e+00 3.0000000000e+00
2.0000000000e+00 1.1440000000e+01 3.6847000000e-02 3.1260000000e+04 8.8200000000e+03 1.0000000000e+00 2.0000000000e+00
3.0000000000e+00 -1.0000000000e+00 3.6852000000e-02 4.4060000000e+03 0.0000000000e+00 1.0000000000e+00 0.0000000000e+00
3.1000000000e+01 -1.0000000000e+00 2.5230000000e-02 1.9090000000e+03 0.0000000000e+00 1.0000000000e+00 0.0000000000e+00
9.0000000000e+00 -1.0000000000e+00 4.0724000000e-02 7.0800000000e+02 0.0000000000e+00 1.0000000000e+00 0.0000000000e+00
8.0000000000e+00 -1.0000000000e+00 3.6410000000e-02 1.8470000000e+03 0.0000000000e+00 1.0000000000e+00 0.0000000000e+00
8.0000000000e+00 1.7780000000e+01 4.2171000000e-02 2.9166000000e+04 1.3285000000e+04 1.0000000000e+00 3.0000000000e+00
1.8000000000e+01 8.4000000000e+00 8.2810000000e-03 2.0534000000e+04 8.8760000000e+03 1.0000000000e+00 2.0000000000e+00
1.4930000000e+01 8.2400000000e+00 9.7280000000e-03 4.5895000000e+04 2.7444000000e+04 3.0000000000e+00 3.0000000000e+00
2.6000000000e+01 -1.0000000000e+00 4.2918000000e-02 5.2000000000e+01 0.0000000000e+00 1.0000000000e+00 0.0000000000e+00
7.0000000000e+00 -1.0000000000e+00 2.9498000000e-02 2.2480000000e+03 0.0000000000e+00 1.0000000000e+00 0.0000000000e+00
2.1000000000e+01 1.6220000000e+01 4.0448000000e-02 2.0797000000e+04 7.1330000000e+03 1.0000000000e+00 2.0000000000e+00
1.1130000000e+01 2.1490000000e+01 4.2922000000e-02 2.2922000000e+04 1.1179000000e+04 2.0000000000e+00 2.0000000000e+00
1.7000000000e+01 1.5260000000e+01 4.7837000000e-02 1.6892000000e+04 7.0830000000e+03 1.0000000000e+00 2.0000000000e+00
1.1000000000e+01 8.3900000000e+00 7.1660000000e-03 3.7567000000e+04 2.1272000000e+04 1.0000000000e+00 3.0000000000e+00
2.0000000000e+01 1.5330000000e+01 8.1390000000e-03 4.6391000000e+04 3.1645000000e+04 1.0000000000e+00 4.0000000000e+00
1.9000000000e+01 -1.0000000000e+00 8.1420000000e-03 5.1980000000e+03 0.0000000000e+00 1.0000000000e+00 0.0000000000e+00
1.0000000000e+00 6.9400000000e+00 9.2250000000e-03 4.9338000000e+04 2.5742000000e+04 1.0000000000e+00 3.0000000000e+00
2.0000000000e+00 -1.0000000000e+00 9.2280000000e-03 8.8280000000e+03 0.0000000000e+00 1.0000000000e+00 0.0000000000e+00
1.7000000000e+01 1.0000000000e+01 9.6710000000e-03 1.3917000000e+04 3.9410000000e+03 1.0000000000e+00 1.0000000000e+00
0.0000000000e+00 -1.0000000000e+00 5.3040000000e-03 1.1230000000e+03 0.0000000000e+00 1.0000000000e+00 0.0000000000e+00
5.0000000000e+00 -1.0000000000e+00 4.3188000000e-02 2.8090000000e+03 0.0000000000e+00 1.0000000000e+00 0.0000000000e+00
2.4000000000e+01 6.6600000000e+00 1.2101000000e-02 3.9761000000e+04 2.1525000000e+04 1.0000000000e+00 3.0000000000e+00
1.1360000000e+01 9.4800000000e+00 3.7176000000e-02 4.4213000000e+04 1.8932000000e+04 2.0000000000e+00 2.0000000000e+00
1.1000000000e+01 1.6380000000e+01 3.8690000000e-02 1.7729000000e+04 7.0410000000e+03 1.0000000000e+00 2.0000000000e+00
7.0000000000e+00 6.6500000000e+00 1.2558000000e-02 4.7572000000e+04 3.3651000000e+04 1.0000000000e+00 4.0000000000e+00
8.0000000000e+00 -1.0000000000e+00 1.2562000000e-02 4.4420000000e+03 0.0000000000e+00 1.0000000000e+00 0.0000000000e+00
1.8400000000e+00 -1.0000000000e+00 4.1925000000e-02 6.3010000000e+03 0.0000000000e+00 2.0000000000e+00 0.0000000000e+00
8.0000000000e+00 -1.0000000000e+00 5.1405000000e-02 6.3400000000e+02 0.0000000000e+00 1.0000000000e+00 0.0000000000e+00
2.6000000000e+01 -1.0000000000e+00 5.4893000000e-02 5.5900000000e+02 0.0000000000e+00 1.0000000000e+00 0.0000000000e+00
1.1000000000e+01 2.1310000000e+01 3.7413000000e-02 1.9471000000e+04 7.8420000000e+03 1.0000000000e+00 2.0000000000e+00
2.3000000000e+01 6.0000000000e+00 3.8299000000e-02 1.0797000000e+04 2.0550000000e+03 1.0000000000e+00 1.0000000000e+00
1.6000000000e+01 -1.0000000000e+00 5.8580000000e-02 1.7460000000e+03 0.0000000000e+00 1.0000000000e+00 0.0000000000e+00
1.1000000000e+01 -1.0000000000e+00 9.7290000000e-03 1.7040000000e+03 0.0000000000e+00 1.0000000000e+00 0.0000000000e+00
1.4000000000e+01 9.0900000000e+00 4.5804000000e-02 3.9544000000e+04 2.4403000000e+04 1.0000000000e+00 3.0000000000e+00
4.3700000000e+00 7.4200000000e+00 1.7413000000e-02 1.9555000000e+04 8.8470000000e+03 2.0000000000e+00 2.0000000000e+00
1.7000000000e+01 1.1530000000e+01 3.9913000000e-02 3.4723000000e+04 1.9214000000e+04 1.0000000000e+00 4.0000000000e+00
8.0000000000e+00 1.5850000000e+01 4.5097000000e-02 4.1933000000e+04 2.3572000000e+04 1.0000000000e+00 3.0000000000e+00
2.5130000000e+01 1.9440000000e+01 5.0239000000e-02 2.1747000000e+04 8.6920000000e+03 2.0000000000e+00 2.0000000000e+00
2.7500000000e+01 1.6340000000e+01 4.4515000000e-02 8.0290000000e+03 3.0930000000e+03 2.0000000000e+00 2.0000000000e+00
2.0000000000e+00 1.4900000000e+01 1.9122000000e-02 1.8533000000e+04 3.7360000000e+03 1.0000000000e+00 2.0000000000e+00
2.1000000000e+01 1.4670000000e+01 1.9482000000e-02 3.7367000000e+04 2.6718000000e+04 1.0000000000e+00 4.0000000000e+00
2.2000000000e+01 -1.0000000000e+00 1.9485000000e-02 4.4740000000e+03 0.0000000000e+00 1.0000000000e+00 0.0000000000e+00
8.0000000000e+00 9.2300000000e+00 1.1521000000e-02 4.5779000000e+04 2.8776000000e+04 1.0000000000e+00 3.0000000000e+00
1.3570000000e+01 1.0780000000e+01 9.2550000000e-03 3.8170000000e+04 1.7519000000e+04 2.0000000000e+00 3.0000000000e+00
7.6600000000e+00 7.8500000000e+00 4.0274000000e-02 5.5037000000e+04 3.0618000000e+04 2.0000000000e+00 3.0000000000e+00
2.0000000000e+01 8.0000000000e+00 4.4621000000e-02 8.7350000000e+03 1.8580000000e+03 1.0000000000e+00 1.0000000000e+00
1.2000000000e+01 -1.0000000000e+00 5.4503000000e-02 9.7300000000e+02 0.0000000000e+00 1.0000000000e+00 0.0000000000e+00
7.7000000000e+00 2.0600000000e+01 1.2860000000e-02 5.3809000000e+04 2.7790000000e+04 2.0000000000e+00 4.0000000000e+00
2.7800000000e+00 2.1680000000e+01 1.2932000000e-02 4.6436000000e+04 2.2131000000e+04 2.0000000000e+00 4.0000000000e+00
3.1000000000e+01 -1.0000000000e+00 1.8422000000e-02 2.2860000000e+03 0.0000000000e+00 1.0000000000e+00 0.0000000000e+00
4.0000000000e+00 -1.0000000000e+00 5.5600000000e-02 1.3020000000e+03 0.0000000000e+00 1.0000000000e+00 0.0000000000e+00
2.2340000000e+01 1.9000000000e-01 6.1040000000e-03 3.5213000000e+04 1.4687000000e+04 2.0000000000e+00 2.0000000000e+00
2.3530000000e+01 9.5300000000e+00 3.7949000000e-02 1.5105000000e+04 7.2260000000e+03 2.0000000000e+00 2.0000000000e+00
8.0000000000e+00 1.3440000000e+01 3.8819000000e-02 3.3521000000e+04 1.4058000000e+04 1.0000000000e+00 2.0000000000e+00
1.6780000000e+01 9.5500000000e+00 1.5159000000e-02 2.2647000000e+04 9.8380000000e+03 2.0000000000e+00 2.0000000000e+00
1.3740000000e+01 7.0900000000e+00 3.9366000000e-02 2.8535000000e+04 1.3872000000e+04 2.0000000000e+00 3.0000000000e+00
1.9900000000e+01 8.9700000000e+00 4.0261000000e-02 4.1236000000e+04 2.1248000000e+04 2.0000000000e+00 3.0000000000e+00
2.1000000000e+01 6.2700000000e+00 3.9603000000e-02 2.7924000000e+04 1.2794000000e+04 1.0000000000e+00 3.0000000000e+00
1.4000000000e+01 -1.0000000000e+00 4.0632000000e-02 6.4310000000e+03 0.0000000000e+00 1.0000000000e+00 0.0000000000e+00
2.6800000000e+01 1.0220000000e+01 1.0457000000e-02 3.8245000000e+04 1.5898000000e+04 2.0000000000e+00 3.0000000000e+00
8.4800000000e+00 6.3000000000e+00 9.9420000000e-03 5.3199000000e+04 2.7471000000e+04 2.0000000000e+00 3.0000000000e+00
1.4000000000e+01 1.6870000000e+01 1.2623000000e-02 4.4306000000e+04 3.3095000000e+04 1.0000000000e+00 3.0000000000e+00
1.3000000000e+01 -1.0000000000e+00 1.2627000000e-02 3.7980000000e+03 0.0000000000e+00 1.0000000000e+00 0.0000000000e+00
1.1000000000e+01 1.0710000000e+01 8.1800000000e-03 4.0666000000e+04 2.2139000000e+04 1.0000000000e+00 3.0000000000e+00
1.2000000000e+01 -1.0000000000e+00 8.1850000000e-03 3.1860000000e+03 0.0000000000e+00 1.0000000000e+00 0.0000000000e+00
5.6100000000e+00 2.5320000000e+01 1.2356000000e-02 3.3119000000e+04 1.6037000000e+04 2.0000000000e+00 3.0000000000e+00
2.1410000000e+01 1.6980000000e+01 1.0532000000e-02 4.6117000000e+04 2.2508000000e+04 2.0000000000e+00 3.0000000000e+00
2.3000000000e+01 -1.0000000000e+00 1.0536000000e-02 3.7090000000e+03 0.0000000000e+00 1.0000000000e+00 0.0000000000e+00
2.5770000000e+01 2.6580000000e+01 1.3909000000e-02 3.0492000000e+04 1.3441000000e+04 2.0000000000e+00 2.0000000000e+00
2.7750000000e+01 1.6000000000e+01 9.1440000000e-03 1.3314000000e+04 3.3300000000e+03 2.0000000000e+00 1.0000000000e+00
1.9000000000e+01 -1.0000000000e+00 1.5921000000e-02 1.7380000000e+03 0.0000000000e+00 1.0000000000e+00 0.0000000000e+00
2.1000000000e+01 9.9100000000e+00 3.8350000000e-02 2.0651000000e+04 5.1710000000e+03 1.0000000000e+00 2.0000000000e+00
1.6790000000e+01 1.8440000000e+01 8.4030000000e-03 4.2683000000e+04 2.2043000000e+04 2.0000000000e+00 3.0000000000e+00
1.0570000000e+01 7.4000000000e+00 4.2139000000e-02 1.2312000000e+04 6.1610000000e+03 2.0000000000e+00 2.0000000000e+00
1.0000000000e+00 2.6890000000e+01 5.5944000000e-02 4.5614000000e+04 1.9977000000e+04 1.0000000000e+00 3.0000000000e+00
2.0000000000e+00 -1.0000000000e+00 5.5947000000e-02 7.5260000000e+03 0.0000000000e+00 1.0000000000e+00 0.0000000000e+00
9.0000000000e+00 2.6090000000e+01 1.0468000000e-02 4.0974000000e+04 2.6118000000e+04 1.0000000000e+00 3.0000000000e+00
3.1000000000e+01 -1.0000000000e+00 5.6120000000e-02 7.9400000000e+02 0.0000000000e+00 1.0000000000e+00 0.0000000000e+00
1.7000000000e+01 7.4300000000e+00 1.3095000000e-02 1.8730000000e+04 7.1730000000e+03 1.0000000000e+00 2.0000000000e+00
5.0000000000e+00 1.3000000000e+01 3.8830000000e-02 3.8262000000e+04 1.8236000000e+04 1.0000000000e+00 3.0000000000e+00
5.0700000000e+00 9.1400000000e+00 3.9421000000e-02 4.8830000000e+04 3.0198000000e+04 2.0000000000e+00 4.0000000000e+00
5.0000000000e+00 -1.0000000000e+00 3.9430000000e-02 2.7530000000e+03 0.0000000000e+00 1.0000000000e+00 0.0000000000e+00
4.0000000000e+00 7.8000000000e+00 4.8989000000e-02 4.6174000000e+04 2.4606000000e+04 1.0000000000e+00 3.0000000000e+00
3.0000000000e+00 -1.0000000000e+00 4.8993000000e-02 3.9990000000e+03 0.0000000000e+00 1.0000000000e+00 0.0000000000e+00
1.4000000000e+01 5.9100000000e+00 4.1920000000e-02 2.0328000000e+04 1.0274000000e+04 1.0000000000e+00 3.0000000000e+00
2.3000000000e+01 -1.0000000000e+00 2.8648000000e-02 1.0000000000e+01 0.0000000000e+00 1.0000000000e+00 0.0000000000e+00
2.0000000000e+01 6.9200000000e+00 2.3383000000e-02 3.6435000000e+04 1.9587000000e+04 1.0000000000e+00 3.0000000000e+00
1.8000000000e+01 -1.0000000000e+00 4.5561000000e-02 3.8706000000e+04 0.0000000000e+00 1.0000000000e+00 0.0000000000e+00
8.0000000000e+00 1.0000000000e+01 6.8400000000e-03 8.1840000000e+03 1.1730000000e+03 1.0000000000e+00 1.0000000000e+00
1.4000000000e+01 -1.0000000000e+00 1.4609000000e-02 4.6600000000e+02 0.0000000000e+00 1.0000000000e+00 0.0000000000e+00
1.4850000000e+01 1.4830000000e+01 3.9727000000e-02 3.5264000000e+04 1.4048000000e+04 2.0000000000e+00 2.0000000000e+00
1.1000000000e+01 9.7300000000e+00 5.0120000000e-02 1.8469000000e+04 7.2520000000e+03 1.0000000000e+00 2.0000000000e+00
1.0000000000e+00 6.7300000000e+00 4.2754000000e-02 5.0586000000e+04 2.6537000000e+04 1.0000000000e+00 4.0000000000e+00
2.0000000000e+00 -1.0000000000e+00 4.2757000000e-02 8.6190000000e+03 0.0000000000e+00 1.0000000000e+00 0.0000000000e+00
3.1000000000e+01 1.8420000000e+01 4.4047000000e-02 3.1321000000e+04 1.1582000000e+04 1.0000000000e+00 2.0000000000e+00
1.1420000000e+01 1.2430000000e+01 1.2798000000e-02 3.2748000000e+04 1.3779000000e+04 2.0000000000e+00 2.0000000000e+00
2.2720000000e+01 8.3900000000e+00 1.7808000000e-02 1.1636000000e+04 5.9800000000e+03 2.0000000000e+00 2.0000000000e+00
5.0000000000e+00 -1.0000000000e+00 3.6356000000e-02 1.3300000000e+02 0.0000000000e+00 1.0000000000e+00 0.0000000000e+00
3.0000000000e+00 -1.0000000000e+00 5.9552000000e-02 1.9000000000e+02 0.0000000000e+00 1.0000000000e+00 0.0000000000e+00
4.5700000000e+00 1.8000000000e+01 1.6123000000e-02 5.5919000000e+04 2.7748000000e+04 2.0000000000e+00 3.0000000000e+00
1.6690000000e+01 1.0880000000e+01 4.0992000000e-02 4.4718000000e+04 2.2913000000e+04 2.0000000000e+00 3.0000000000e+00
7.0000000000e+00 7.0000000000e+00 1.8302000000e-02 5.9860000000e+03 1.6540000000e+03 1.0000000000e+00 1.0000000000e+00
1.4190000000e+01 1.2330000000e+01 4.4847000000e-02 2.5317000000e+04 1.0832000000e+04 2.0000000000e+00 2.0000000000e+00
5.0000000000e+00 2.2650000000e+01 3.6761000000e-02 2.0302000000e+04 7.0490000000e+03 1.0000000000e+00 2.0000000000e+00
1.8000000000e+01 1.9830000000e+01 4.0076000000e-02 2.1668000000e+04 6.6680000000e+03 1.0000000000e+00 2.0000000000e+00
1.0000000000e+01 -1.0000000000e+00 1.4926000000e-02 1.7940000000e+03 0.0000000000e+00 1.0000000000e+00 0.0000000000e+00
1.0000000000e+01 -1.0000000000e+00 2.5437000000e-02 1.2790000000e+03 0.0000000000e+00 1.0000000000e+00 0.0000000000e+00
5.0000000000e+00 -1.0000000000e+00 4.2425000000e-02 1.9760000000e+03 0.0000000000e+00 1.0000000000e+00 0.0000000000e+00
1.4100000000e+01 1.3180000000e+01 4.3138000000e-02 4.4059000000e+04 2.6814000000e+04 2.0000000000e+00 3.0000000000e+00
1.5000000000e+01 -1.0000000000e+00 5.0343000000e-02 8.4500000000e+02 0.0000000000e+00 1.0000000000e+00 0.0000000000e+00
0.0000000000e+00 -1.0000000000e+00 4.1059000000e-02 1.5730000000e+03 0.0000000000e+00 1.0000000000e+00 0.0000000000e+00
5.4100000000e+00 1.7030000000e+01 4.3149000000e-02 5.2223000000e+04 2.8026000000e+04 2.0000000000e+00 3.0000000000e+00
1.6430000000e+01 1.2750000000e+01 3.6718000000e-02 4.9782000000e+04 2.6573000000e+04 2.0000000000e+00 4.0000000000e+00
5.0000000000e+00 1.6000000000e+01 1.1720000000e-02 7.3530000000e+03 1.1870000000e+03 1.0000000000e+00 1.0000000000e+00
1.7190000000e+01 1.0570000000e+01 3.8690000000e-02 3.7557000000e+04 1.7005000000e+04 2.0000000000e+00 2.0000000000e+00
