3.1000000000e+01 -1.0000000000e+00 8.0860000000e-03 2.4560000000e+03 0.0000000000e+00 1.0000000000e+00 0.0000000000e+00
3.1000000000e+01 -1.0000000000e+00 1.7177000000e-02 3.1900000000e+02 0.0000000000e+00 1.0000000000e+00 0.0000000000e+00
2.6000000000e+01 -1.0000000000e+00 3.9930000000e-02 2.8577000000e+04 0.0000000000e+00 1.0000000000e+00 0.0000000000e+00
2.5270000000e+01 -1.0000000000e+00 8.4890000000e-03 2.4864000000e+04 0.0000000000e+00 2.0000000000e+00 0.0000000000e+00
1.6000000000e+01 -1.0000000000e+00 1.0164000000e-02 8.5600000000e+02 0.0000000000e+00 1.0000000000e+00 0.0000000000e+00
1.7400000000e+00 1.2560000000e+01 1.0385000000e-02 1.8594000000e+04 4.8780000000e+03 2.0000000000e+00 2.0000000000e+00
2.5000000000e+01 -1.0000000000e+00 1.7661000000e-02 4.6450000000e+03 0.0000000000e+00 1.0000000000e+00 0.0000000000e+00
8.0000000000e+00 -1.0000000000e+00 2.3398000000e-02 7.5300000000e+02 0.0000000000e+00 1.0000000000e+00 0.0000000000e+00
3.1000000000e+01 -1.0000000000e+00 2.3633000000e-02 1.8310000000e+03 0.0000000000e+00 1.0000000000e+00 0.0000000000e+00
7.0000000000e+00 -1.0000000000e+00 3.7313000000e-02 7.1200000000e+03 0.0000000000e+00 1.0000000000e+00 0.0000000000e+00
2.0000000000e+00 -1.0000000000e+00 4.1896000000e-02 6.6480000000e+03 0.0000000000e+00 1.0000000000e+00 0.0000000000e+00
1.9000000000e+01 -1.0000000000e+00 6.1000000000e-03 9.7260000000e+03 0.0000000000e+00 1.0000000000e+00 0.0000000000e+00
2.5000000000e+01 -1.0000000000e+00 6.3040000000e-03 1.7010000000e+03 0.0000000000e+00 1.0000000000e+00 0.0000000000e+00
1.9000000000e+01 1.1000000000e+01 1.0298000000e-02 1.7846000000e+04 2.6970000000e+03 1.0000000000e+00 1.0000000000e+00
1.6320000000e+01 -1.0000000000e+00 1.7060000000e-02 1.3950000000e+03 0.0000000000e+00 2.0000000000e+00 0.0000000000e+00
3.1000000000e+01 -1.0000000000e+00 2.5235000000e-02 2.6470000000e+03 0.0000000000e+00 1.0000000000e+00 0.0000000000e+00
2.6000000000e+01 -1.0000000000e+00 3.9626000000e-02 9.6050000000e+03 0.0000000000e+00 1.0000000000e+00 0.0000000000e+00
3.1000000000e+01 -1.0000000000e+00 3.4690000000e-03 1.5080000000e+03 0.0000000000e+00 1.0000000000e+00 0.0000000000e+00
1.9000000000e+01 -1.0000000000e+00 7.4420000000e-03 1.8372000000e+04 0.0000000000e+00 1.0000000000e+00 0.0000000000e+00
1.3110000000e+01 -1.0000000000e+00 3.8006000000e-02 3.8882000000e+04 0.0000000000e+00 2.0000000000e+00 0.0000000000e+00
1.2000000000e+01 -1.0000000000e+00 3.8011000000e-02 5.5450000000e+03 0.0000000000e+00 1.0000000000e+00 0.0000000000e+00
1.3090000000e+01 -1.0000000000e+00 3.8947000000e-02 2.2809000000e+04 0.0000000000e+00 2.0000000000e+00 0.0000000000e+00
1.3540000000e+01 -1.0000000000e+00 8.7880000000e-03 2.2227000000e+04 0.0000000000e+00 2.0000000000e+00 0.0000000000e+00
1.3000000000e+01 -1.0000000000e+00 4.0566000000e-02 3.4836000000e+04 0.0000000000e+00 1.0000000000e+00 0.0000000000e+00
2.0000000000e+00 -1.0000000000e+00 3.7450000000e-02 2.2561000000e+04 0.0000000000e+00 1.0000000000e+00 0.0000000000e+00
1.6000000000e+00 -1.0000000000e+00 1.2428000000e-02 3.9550000000e+03 0.0000000000e+00 2.0000000000e+00 0.0000000000e+00
8.0000000000e+00 -1.0000000000e+00 3.8839000000e-02 4.3130000000e+03 0.0000000000e+00 1.0000000000e+00 0.0000000000e+00
1.6410000000e+01 -1.0000000000e+00 3.9295000000e-02 2.1630000000e+03 0.0000000000e+00 2.0000000000e+00 0.0000000000e+00
1.9000000000e+01 -1.0000000000e+00 6.0450000000e-03 7.6130000000e+03 0.0000000000e+00 1.0000000000e+00 0.0000000000e+00
1.2850000000e+01 -1.0000000000e+00 9.7570000000e-03 1.1492000000e+04 0.0000000000e+00 2.0000000000e+00 0.0000000000e+00
1.3000000000e+01 7.3600000000e+00 1.4462000000e-02 3.2283000000e+04 8.6430000000e+03 1.0000000000e+00 2.0000000000e+00
1.2000000000e+01 -1.0000000000e+00 1.4466000000e-02 5.1160000000e+03 0.0000000000e+00 1.0000000000e+00 0.0000000000e+00
1.3000000000e+01 1.3000000000e+01 4.4879000000e-02 1.6565000000e+04 2.6960000000e+03 1.0000000000e+00 1.0000000000e+00
1.6400000000e+00 -1.0000000000e+00 8.5300000000e-03 1.2804000000e+04 0.0000000000e+00 2.0000000000e+00 0.0000000000e+00
1.2510000000e+01 1.2730000000e+01 3.6562000000e-02 2.1996000000e+04 6.0990000000e+03 2.0000000000e+00 2.0000000000e+00
7.0000000000e+00 -1.0000000000e+00 4.5933000000e-02 4.8410000000e+03 0.0000000000e+00 1.0000000000e+00 0.0000000000e+00
1.7100000000e+00 -1.0000000000e+00 6.0380000000e-03 7.4130000000e+03 0.0000000000e+00 2.0000000000e+00 0.0000000000e+00
2.5780000000e+01 2.0370000000e+01 7.6340000000e-03 1.2535000000e+04 3.2200000000e+03 2.0000000000e+00 2.0000000000e+00
1.0000000000e+00 -1.0000000000e+00 8.2580000000e-03 1.4910000000e+04 0.0000000000e+00 1.0000000000e+00 0.0000000000e+00
1.3000000000e+01 2.3410000000e+01 1.2795000000e-02 2.4392000000e+04 7.1200000000e+03 1.0000000000e+00 2.0000000000e+00
1.8090000000e+01 2.1390000000e+01 1.3753000000e-02 1.4320000000e+04 4.1880000000e+03 2.0000000000e+00 2.0000000000e+00
3.1000000000e+01 -1.0000000000e+00 1.6298000000e-02 9.2500000000e+02 0.0000000000e+00 1.0000000000e+00 0.0000000000e+00
2.5120000000e+01 -1.0000000000e+00 1.0178000000e-02 1.6685000000e+04 0.0000000000e+00 2.0000000000e+00 0.0000000000e+00
1.9000000000e+01 -1.0000000000e+00 1.2831000000e-02 3.2366000000e+04 0.0000000000e+00 1.0000000000e+00 0.0000000000e+00
1.8000000000e+01 -1.0000000000e+00 1.2836000000e-02 4.2910000000e+03 0.0000000000e+00 1.0000000000e+00 0.0000000000e+00
2.6000000000e+01 -1.0000000000e+00 4.3745000000e-02 1.2680000000e+04 0.0000000000e+00 1.0000000000e+00 0.0000000000e+00
3.1000000000e+01 -1.0000000000e+00 1.4145000000e-02 1.6180000000e+03 0.0000000000e+00 1.0000000000e+00 0.0000000000e+00
8.0000000000e+00 1.1920000000e+01 1.5878000000e-02 3.9862000000e+04 1.4177000000e+04 1.0000000000e+00 3.0000000000e+00
2.5000000000e+01 -1.0000000000e+00 3.8847000000e-02 4.0620000000e+03 0.0000000000e+00 1.0000000000e+00 0.0000000000e+00
1.3000000000e+01 1.2380000000e+01 4.5797000000e-02 1.8421000000e+04 4.9030000000e+03 1.0000000000e+00 2.0000000000e+00
3.1000000000e+01 -1.0000000000e+00 1.7682000000e-02 2.9400000000e+02 0.0000000000e+00 1.0000000000e+00 0.0000000000e+00
1.9000000000e+01 -1.0000000000e+00 4.1888000000e-02 4.6040000000e+03 0.0000000000e+00 1.0000000000e+00 0.0000000000e+00
2.4940000000e+01 -1.0000000000e+00 4.9521000000e-02 2.0231000000e+04 0.0000000000e+00 2.0000000000e+00 0.0000000000e+00
2.5000000000e+01 -1.0000000000e+00 4.0911000000e-02 3.3147000000e+04 0.0000000000e+00 1.0000000000e+00 0.0000000000e+00
1.2650000000e+01 -1.0000000000e+00 2.5597000000e-02 2.8506000000e+04 0.0000000000e+00 2.0000000000e+00 0.0000000000e+00
2.5000000000e+01 -1.0000000000e+00 3.6039000000e-02 8.1320000000e+03 0.0000000000e+00 1.0000000000e+00 0.0000000000e+00
9.0000000000e+00 -1.0000000000e+00 4.3483000000e-02 3.0114000000e+04 0.0000000000e+00 1.0000000000e+00 0.0000000000e+00
2.0000000000e+00 8.4800000000e+00 4.4016000000e-02 2.7963000000e+04 6.6520000000e+03 1.0000000000e+00 2.0000000000e+00
3.1000000000e+01 -1.0000000000e+00 5.0411000000e-02 1.5000000000e+03 0.0000000000e+00 1.0000000000e+00 0.0000000000e+00
2.5000000000e+01 -1.0000000000e+00 9.6620000000e-03 5.3890000000e+03 0.0000000000e+00 1.0000000000e+00 0.0000000000e+00
8.0000000000e+00 1.6300000000e+01 1.4370000000e-02 2.8730000000e+04 7.4430000000e+03 1.0000000000e+00 2.0000000000e+00
7.0000000000e+00 -1.0000000000e+00 3.9404000000e-02 6.7770000000e+03 0.0000000000e+00 1.0000000000e+00 0.0000000000e+00
1.1700000000e+00 -1.0000000000e+00 1.1859000000e-02 4.8040000000e+03 0.0000000000e+00 2.0000000000e+00 0.0000000000e+00
7.0000000000e+00 -1.0000000000e+00 1.0332000000e-02 4.4870000000e+03 0.0000000000e+00 1.0000000000e+00 0.0000000000e+00
1.3000000000e+01 9.5500000000e+00 3.6932000000e-02 2.6061000000e+04 6.2610000000e+03 1.0000000000e+00 2.0000000000e+00
1.0000000000e+00 -1.0000000000e+00 3.9018000000e-02 1.2009000000e+04 0.0000000000e+00 1.0000000000e+00 0.0000000000e+00
3.1000000000e+01 -1.0000000000e+00 4.0487000000e-02 1.7290000000e+03 0.0000000000e+00 1.0000000000e+00 0.0000000000e+00
8.0000000000e+00 1.9000000000e+01 9.0890000000e-03 2.1520000000e+04 4.4430000000e+03 1.0000000000e+00 1.0000000000e+00
1.3000000000e+01 -1.0000000000e+00 1.1603000000e-02 1.9188000000e+04 0.0000000000e+00 1.0000000000e+00 0.0000000000e+00
2.6000000000e+01 8.0100000000e+00 3.6222000000e-02 3.2203000000e+04 8.9040000000e+03 1.0000000000e+00 3.0000000000e+00
1.3000000000e+01 -1.0000000000e+00 4.2841000000e-02 2.0138000000e+04 0.0000000000e+00 1.0000000000e+00 0.0000000000e+00
2.5000000000e+01 -1.0000000000e+00 5.3821000000e-02 3.8040000000e+03 0.0000000000e+00 1.0000000000e+00 0.0000000000e+00
3.1000000000e+01 -1.0000000000e+00 4.0400000000e-04 2.1180000000e+03 0.0000000000e+00 1.0000000000e+00 0.0000000000e+00
1.3000000000e+01 -1.0000000000e+00 3.7571000000e-02 1.6709000000e+04 0.0000000000e+00 1.0000000000e+00 0.0000000000e+00
1.6000000000e+01 -1.0000000000e+00 1.3163000000e-02 9.4600000000e+02 0.0000000000e+00 1.0000000000e+00 0.0000000000e+00
1.6310000000e+01 -1.0000000000e+00 2.1802000000e-02 2.1600000000e+03 0.0000000000e+00 2.0000000000e+00 0.0000000000e+00
1.8580000000e+01 1.7090000000e+01 3.6315000000e-02 4.7625000000e+04 1.6665000000e+04 2.0000000000e+00 3.0000000000e+00
2.0000000000e+00 1.5390000000e+01 6.9470000000e-03 1.7525000000e+04 4.4080000000e+03 1.0000000000e+00 2.0000000000e+00
1.6000000000e+01 -1.0000000000e+00 2.1264000000e-02 9.7300000000e+02 0.0000000000e+00 1.0000000000e+00 0.0000000000e+00
3.1000000000e+01 -1.0000000000e+00 2.6778000000e-02 1.6300000000e+03 0.0000000000e+00 1.0000000000e+00 0.0000000000e+00
1.9000000000e+01 5.6200000000e+00 4.4617000000e-02 3.4130000000e+04 8.7490000000e+03 1.0000000000e+00 2.0000000000e+00
1.8000000000e+01 -1.0000000000e+00 4.4621000000e-02 4.3650000000e+03 0.0000000000e+00 1.0000000000e+00 0.0000000000e+00
2.5490000000e+01 -1.0000000000e+00 1.0549000000e-02 2.2366000000e+04 0.0000000000e+00 2.0000000000e+00 0.0000000000e+00
1.9000000000e+01 -1.0000000000e+00 3.8838000000e-02 7.0690000000e+03 0.0000000000e+00 1.0000000000e+00 0.0000000000e+00
1.3000000000e+01 -1.0000000000e+00 1.1490000000e-02 5.8390000000e+03 0.0000000000e+00 1.0000000000e+00 0.0000000000e+00
2.5000000000e+01 8.7900000000e+00 3.7539000000e-02 1.9504000000e+04 4.5340000000e+03 1.0000000000e+00 2.0000000000e+00
3.1000000000e+01 -1.0000000000e+00 5.0198000000e-02 1.9130000000e+03 0.0000000000e+00 1.0000000000e+00 0.0000000000e+00
1.2890000000e+01 -1.0000000000e+00 9.2280000000e-03 1.2765000000e+04 0.0000000000e+00 2.0000000000e+00 0.0000000000e+00
8.0000000000e+00 -1.0000000000e+00 1.0240000000e-02 1.3059000000e+04 0.0000000000e+00 1.0000000000e+00 0.0000000000e+00
2.5500000000e+01 -1.0000000000e+00 1.4980000000e-02 4.2210000000e+03 0.0000000000e+00 2.0000000000e+00 0.0000000000e+00
8.0000000000e+00 -1.0000000000e+00 4.7288000000e-02 4.0660000000e+03 0.0000000000e+00 1.0000000000e+00 0.0000000000e+00
7.0000000000e+00 1.1980000000e+01 1.0240000000e-02 1.7743000000e+04 1.1809000000e+04 1.0000000000e+00 3.0000000000e+00
2.4450000000e+01 -1.0000000000e+00 1.0712000000e-02 2.9588000000e+04 0.0000000000e+00 2.0000000000e+00 0.0000000000e+00
1.3000000000e+01 -1.0000000000e+00 4.2330000000e-02 1.3338000000e+04 0.0000000000e+00 1.0000000000e+00 0.0000000000e+00
7.0000000000e+00 1.4810000000e+01 4.7284000000e-02 3.7018000000e+04 1.6703000000e+04 1.0000000000e+00 3.0000000000e+00
7.0000000000e+00 1.7680000000e+01 1.5771000000e-02 2.3252000000e+04 8.8360000000e+03 1.0000000000e+00 2.0000000000e+00
7.0000000000e+00 -1.0000000000e+00 4.2900000000e-04 1.0398000000e+04 0.0000000000e+00 1.0000000000e+00 0.0000000000e+00
1.8500000000e+00 -1.0000000000e+00 6.9760000000e-03 2.2357000000e+04 0.0000000000e+00 2.0000000000e+00 0.0000000000e+00
1.9900000000e+00 -1.0000000000e+00 1.3952000000e-02 2.4149000000e+04 0.0000000000e+00 2.0000000000e+00 0.0000000000e+00
1.3000000000e+01 -1.0000000000e+00 3.6809000000e-02 2.2180000000e+03 0.0000000000e+00 1.0000000000e+00 0.0000000000e+00
3.1000000000e+01 -1.0000000000e+00 4.6972000000e-02 1.6180000000e+03 0.0000000000e+00 1.0000000000e+00 0.0000000000e+00
2.5640000000e+01 -1.0000000000e+00 4.3020000000e-02 5.9520000000e+03 0.0000000000e+00 2.0000000000e+00 0.0000000000e+00
3.1000000000e+01 -1.0000000000e+00 3.7145000000e-02 1.1510000000e+03 0.0000000000e+00 1.0000000000e+00 0.0000000000e+00
7.3100000000e+00 1.1100000000e+00 4.1147000000e-02 3.1307000000e+04 1.0839000000e+04 2.0000000000e+00 3.0000000000e+00
8.0000000000e+00 6.3900000000e+00 8.7340000000e-03 2.5082000000e+04 7.2110000000e+03 1.0000000000e+00 2.0000000000e+00
3.1000000000e+01 -1.0000000000e+00 1.1313000000e-02 8.6000000000e+02 0.0000000000e+00 1.0000000000e+00 0.0000000000e+00
2.6000000000e+01 -1.0000000000e+00 1.8192000000e-02 1.2840000000e+04 0.0000000000e+00 1.0000000000e+00 0.0000000000e+00
1.9000000000e+01 -1.0000000000e+00 3.8999000000e-02 3.8610000000e+03 0.0000000000e+00 1.0000000000e+00 0.0000000000e+00
1.9870000000e+01 7.1100000000e+00 6.7570000000e-03 3.6388000000e+04 1.1927000000e+04 2.0000000000e+00 3.0000000000e+00
7.1000000000e+00 1.4770000000e+01 8.6030000000e-03 2.1347000000e+04 7.1950000000e+03 2.0000000000e+00 2.0000000000e+00
8.0000000000e+00 1.4000000000e+01 3.7064000000e-02 1.4136000000e+04 2.7370000000e+03 1.0000000000e+00 1.0000000000e+00
1.9000000000e+01 -1.0000000000e+00 4.4663000000e-02 3.7160000000e+03 0.0000000000e+00 1.0000000000e+00 0.0000000000e+00
2.5000000000e+01 2.0000000000e+01 1.1217000000e-02 3.2657000000e+04 1.2679000000e+04 1.0000000000e+00 3.0000000000e+00
3.1000000000e+01 -1.0000000000e+00 1.2812000000e-02 9.3200000000e+02 0.0000000000e+00 1.0000000000e+00 0.0000000000e+00
1.9000000000e+01 -1.0000000000e+00 1.6832000000e-02 1.6650000000e+04 0.0000000000e+00 1.0000000000e+00 0.0000000000e+00
3.1000000000e+01 -1.0000000000e+00 5.4399000000e-02 2.8030000000e+03 0.0000000000e+00 1.0000000000e+00 0.0000000000e+00
2.6000000000e+01 1.2000000000e+01 4.6814000000e-02 2.7727000000e+04 3.7350000000e+03 1.0000000000e+00 1.0000000000e+00
2.5000000000e+01 -1.0000000000e+00 9.2280000000e-03 7.9970000000e+03 0.0000000000e+00 1.0000000000e+00 0.0000000000e+00
1.9000000000e+01 -1.0000000000e+00 1.0080000000e-02 1.8387000000e+04 0.0000000000e+00 1.0000000000e+00 0.0000000000e+00
2.1000000000e+01 -1.0000000000e+00 1.0873000000e-02 8.5400000000e+02 0.0000000000e+00 1.0000000000e+00 0.0000000000e+00
1.3300000000e+01 -1.0000000000e+00 3.8621000000e-02 4.7200000000e+03 0.0000000000e+00 2.0000000000e+00 0.0000000000e+00
2.4950000000e+01 1.1510000000e+01 3.8938000000e-02 1.6703000000e+04 4.2710000000e+03 2.0000000000e+00 2.0000000000e+00
3.1000000000e+01 -1.0000000000e+00 4.3111000000e-02 1.7600000000e+03 0.0000000000e+00 1.0000000000e+00 0.0000000000e+00
2.5780000000e+01 6.0000000000e+00 9.1130000000e-03 1.0411000000e+04 8.8900000000e+02 2.0000000000e+00 1.0000000000e+00
1.9790000000e+01 1.0960000000e+01 1.0015000000e-02 3.3322000000e+04 1.1297000000e+04 2.0000000000e+00 3.0000000000e+00
2.0000000000e+00 1.5330000000e+01 1.2545000000e-02 1.7818000000e+04 4.6890000000e+03 1.0000000000e+00 2.0000000000e+00
7.0000000000e+00 2.0440000000e+01 9.2040000000e-03 1.4940000000e+04 7.5800000000e+03 1.0000000000e+00 2.0000000000e+00
1.2200000000e+00 -1.0000000000e+00 6.7560000000e-03 1.6368000000e+04 0.0000000000e+00 2.0000000000e+00 0.0000000000e+00
1.3000000000e+01 1.6000000000e+01 8.4830000000e-03 2.8520000000e+04 1.7530000000e+03 1.0000000000e+00 1.0000000000e+00
2.5000000000e+01 -1.0000000000e+00 1.6898000000e-02 2.8948000000e+04 0.0000000000e+00 1.0000000000e+00 0.0000000000e+00
1.9000000000e+01 9.5800000000e+00 3.7738000000e-02 2.8476000000e+04 7.1790000000e+03 1.0000000000e+00 2.0000000000e+00
7.0000000000e+00 -1.0000000000e+00 3.9077000000e-02 2.8180000000e+03 0.0000000000e+00 1.0000000000e+00 0.0000000000e+00
2.5000000000e+01 -1.0000000000e+00 4.0395000000e-02 1.5419000000e+04 0.0000000000e+00 1.0000000000e+00 0.0000000000e+00
2.5000000000e+01 -1.0000000000e+00 4.4290000000e-02 5.7790000000e+03 0.0000000000e+00 1.0000000000e+00 0.0000000000e+00
1.9000000000e+01 -1.0000000000e+00 5.1020000000e-02 1.9732000000e+04 0.0000000000e+00 1.0000000000e+00 0.0000000000e+00
1.9000000000e+01 -1.0000000000e+00 1.3400000000e-02 1.0098000000e+04 0.0000000000e+00 1.0000000000e+00 0.0000000000e+00
2.3000000000e+01 -1.0000000000e+00 3.8644000000e-02 1.7870000000e+03 0.0000000000e+00 1.0000000000e+00 0.0000000000e+00
1.9000000000e+01 -1.0000000000e+00 7.7060000000e-03 3.7004000000e+04 0.0000000000e+00 1.0000000000e+00 0.0000000000e+00
1.8000000000e+01 -1.0000000000e+00 7.7100000000e-03 5.5310000000e+03 0.0000000000e+00 1.0000000000e+00 0.0000000000e+00
3.1000000000e+01 -1.0000000000e+00 3.2219000000e-02 1.4080000000e+03 0.0000000000e+00 1.0000000000e+00 0.0000000000e+00
2.5720000000e+01 1.1940000000e+01 4.3116000000e-02 3.5227000000e+04 1.0611000000e+04 2.0000000000e+00 3.0000000000e+00
2.0000000000e+01 -1.0000000000e+00 4.7038000000e-02 1.5642000000e+04 0.0000000000e+00 1.0000000000e+00 0.0000000000e+00
1.3660000000e+01 7.3200000000e+00 7.8300000000e-03 1.7757000000e+04 4.2730000000e+03 2.0000000000e+00 2.0000000000e+00
2.0000000000e+00 7.0000000000e+00 7.9080000000e-03 1.4085000000e+04 1.8650000000e+03 1.0000000000e+00 1.0000000000e+00
0.0000000000e+00 -1.0000000000e+00 1.4298000000e-02 1.9803000000e+04 0.0000000000e+00 1.0000000000e+00 0.0000000000e+00
1.4000000000e+01 1.3140000000e+01 1.5857000000e-02 4.1133000000e+04 1.5559000000e+04 1.0000000000e+00 3.0000000000e+00
1.3000000000e+01 -1.0000000000e+00 1.5861000000e-02 5.2700000000e+03 0.0000000000e+00 1.0000000000e+00 0.0000000000e+00
2.8000000000e+01 -1.0000000000e+00 3.8933000000e-02 2.7700000000e+02 0.0000000000e+00 1.0000000000e+00 0.0000000000e+00
2.0000000000e+01 -1.0000000000e+00 4.0155000000e-02 1.6184000000e+04 0.0000000000e+00 1.0000000000e+00 0.0000000000e+00
3.1000000000e+01 -1.0000000000e+00 5.3992000000e-02 2.1030000000e+03 0.0000000000e+00 1.0000000000e+00 0.0000000000e+00
2.5000000000e+01 1.5000000000e+01 4.3994000000e-02 1.5368000000e+04 2.6020000000e+03 1.0000000000e+00 1.0000000000e+00
3.1000000000e+01 -1.0000000000e+00 4.4029000000e-02 1.1950000000e+03 0.0000000000e+00 1.0000000000e+00 0.0000000000e+00
8.0000000000e+00 2.0420000000e+01 1.4354000000e-02 1.6336000000e+04 4.7820000000e+03 1.0000000000e+00 2.0000000000e+00
3.1000000000e+01 -1.0000000000e+00 3.6271000000e-02 1.2160000000e+03 0.0000000000e+00 1.0000000000e+00 0.0000000000e+00
1.5000000000e+01 -1.0000000000e+00 3.7987000000e-02 5.3200000000e+02 0.0000000000e+00 1.0000000000e+00 0.0000000000e+00
1.9000000000e+01 1.3070000000e+01 4.0155000000e-02 2.1186000000e+04 1.2070000000e+04 1.0000000000e+00 3.0000000000e+00
2.1000000000e+01 1.3160000000e+01 4.0691000000e-02 3.4170000000e+04 1.0492000000e+04 1.0000000000e+00 3.0000000000e+00
2.0000000000e+01 -1.0000000000e+00 4.0695000000e-02 4.2680000000e+03 0.0000000000e+00 1.0000000000e+00 0.0000000000e+00
3.1000000000e+01 -1.0000000000e+00 9.6720000000e-03 2.4300000000e+02 0.0000000000e+00 1.0000000000e+00 0.0000000000e+00
1.0000000000e+01 -1.0000000000e+00 2.8810000000e-02 1.9047000000e+04 0.0000000000e+00 1.0000000000e+00 0.0000000000e+00
1.3000000000e+01 -1.0000000000e+00 3.9857000000e-02 8.5570000000e+03 0.0000000000e+00 1.0000000000e+00 0.0000000000e+00
1.4000000000e+01 -1.0000000000e+00 7.6460000000e-03 8.5990000000e+03 0.0000000000e+00 1.0000000000e+00 0.0000000000e+00
1.5300000000e+00 -1.0000000000e+00 4.0275000000e-02 1.2042000000e+04 0.0000000000e+00 2.0000000000e+00 0.0000000000e+00
1.3650000000e+01 1.5500000000e+01 4.4165000000e-02 1.4592000000e+04 4.0020000000e+03 2.0000000000e+00 2.0000000000e+00
8.0000000000e+00 -1.0000000000e+00 8.0470000000e-03 7.8770000000e+03 0.0000000000e+00 1.0000000000e+00 0.0000000000e+00
2.5000000000e+01 -1.0000000000e+00 1.1166000000e-02 1.4273000000e+04 0.0000000000e+00 1.0000000000e+00 0.0000000000e+00
3.1000000000e+01 -1.0000000000e+00 2.7589000000e-02 1.0370000000e+03 0.0000000000e+00 1.0000000000e+00 0.0000000000e+00
1.3000000000e+01 -1.0000000000e+00 3.6496000000e-02 5.7220000000e+03 0.0000000000e+00 1.0000000000e+00 0.0000000000e+00
1.3000000000e+01 -1.0000000000e+00 3.7421000000e-02 5.4800000000e+03 0.0000000000e+00 1.0000000000e+00 0.0000000000e+00
8.0000000000e+00 -1.0000000000e+00 3.8369000000e-02 1.2657000000e+04 0.0000000000e+00 1.0000000000e+00 0.0000000000e+00
7.0000000000e+00 1.3000000000e+01 8.0470000000e-03 3.0990000000e+03 2.0560000000e+03 1.0000000000e+00 1.0000000000e+00
2.3940000000e+01 2.1860000000e+01 8.1880000000e-03 2.7954000000e+04 1.1039000000e+04 3.0000000000e+00 3.0000000000e+00
7.0000000000e+00 -1.0000000000e+00 9.1270000000e-03 4.6980000000e+03 0.0000000000e+00 1.0000000000e+00 0.0000000000e+00
2.4260000000e+01 -1.0000000000e+00 3.9994000000e-02 3.6969000000e+04 0.0000000000e+00 2.0000000000e+00 0.0000000000e+00
1.9000000000e+01 1.6670000000e+01 4.1463000000e-02 2.4627000000e+04 6.9150000000e+03 1.0000000000e+00 2.0000000000e+00
1.9000000000e+01 -1.0000000000e+00 1.3597000000e-02 4.8550000000e+03 0.0000000000e+00 1.0000000000e+00 0.0000000000e+00
2.5000000000e+01 -1.0000000000e+00 3.6363000000e-02 6.0570000000e+03 0.0000000000e+00 1.0000000000e+00 0.0000000000e+00
2.4830000000e+01 1.9900000000e+01 6.7730000000e-03 3.1965000000e+04 1.2202000000e+04 2.0000000000e+00 3.0000000000e+00
2.5000000000e+01 1.1930000000e+01 4.0738000000e-02 2.7931000000e+04 7.6720000000e+03 1.0000000000e+00 3.0000000000e+00
