3.1000000000e+01 -1.0000000000e+00 6.0670000000e-03 1.7170000000e+03 0.0000000000e+00 1.0000000000e+00 0.0000000000e+00
2.5440000000e+01 -1.0000000000e+00 6.5670000000e-03 1.9312000000e+04 0.0000000000e+00 2.0000000000e+00 0.0000000000e+00
2.0000000000e+00 -1.0000000000e+00 6.8650000000e-03 9.7600000000e+02 0.0000000000e+00 1.0000000000e+00 0.0000000000e+00
3.1000000000e+01 -1.0000000000e+00 1.5385000000e-02 3.8320000000e+03 0.0000000000e+00 1.0000000000e+00 0.0000000000e+00
1.9620000000e+01 1.5050000000e+01 3.9842000000e-02 4.8511000000e+04 2.4780000000e+04 2.0000000000e+00 4.0000000000e+00
2.1000000000e+01 -1.0000000000e+00 3.9846000000e-02 4.5280000000e+03 0.0000000000e+00 1.0000000000e+00 0.0000000000e+00
2.8000000000e+01 -1.0000000000e+00 8.6750000000e-03 1.3120000000e+03 0.0000000000e+00 1.0000000000e+00 0.0000000000e+00
2.0000000000e+01 -1.0000000000e+00 1.4737000000e-02 3.0750000000e+03 0.0000000000e+00 1.0000000000e+00 0.0000000000e+00
3.1000000000e+01 -1.0000000000e+00 2.9890000000e-02 2.3950000000e+03 0.0000000000e+00 1.0000000000e+00 0.0000000000e+00
2.5690000000e+01 -1.0000000000e+00 1.1892000000e-02 2.1346000000e+04 0.0000000000e+00 2.0000000000e+00 0.0000000000e+00
2.6000000000e+01 -1.0000000000e+00 4.5016000000e-02 1.9191000000e+04 0.0000000000e+00 1.0000000000e+00 0.0000000000e+00
7.0000000000e+00 1.5000000000e+01 4.8213000000e-02 1.9139000000e+04 4.9480000000e+03 1.0000000000e+00 1.0000000000e+00
2.5000000000e+01 -1.0000000000e+00 1.3903000000e-02 1.0892000000e+04 0.0000000000e+00 1.0000000000e+00 0.0000000000e+00
1.9000000000e+01 -1.0000000000e+00 7.9260000000e-03 5.9780000000e+03 0.0000000000e+00 1.0000000000e+00 0.0000000000e+00
2.0000000000e+01 -1.0000000000e+00 1.2350000000e-02 1.0323000000e+04 0.0000000000e+00 1.0000000000e+00 0.0000000000e+00
1.4000000000e+01 1.5000000000e+01 4.9702000000e-02 6.2650000000e+03 1.2530000000e+03 1.0000000000e+00 1.0000000000e+00
2.5340000000e+01 -1.0000000000e+00 3.6973000000e-02 4.1608000000e+04 0.0000000000e+00 2.0000000000e+00 0.0000000000e+00
2.4000000000e+01 -1.0000000000e+00 3.6978000000e-02 4.3210000000e+03 0.0000000000e+00 1.0000000000e+00 0.0000000000e+00
2.0000000000e+00 1.0360000000e+01 3.8653000000e-02 1.9755000000e+04 4.7390000000e+03 1.0000000000e+00 2.0000000000e+00
3.1000000000e+01 -1.0000000000e+00 8.6220000000e-03 1.6790000000e+03 0.0000000000e+00 1.0000000000e+00 0.0000000000e+00
1.3000000000e+01 1.4000000000e+01 1.2594000000e-02 1.0186000000e+04 3.3130000000e+03 1.0000000000e+00 1.0000000000e+00
4.0000000000e+00 -1.0000000000e+00 2.8046000000e-02 2.1650000000e+03 0.0000000000e+00 1.0000000000e+00 0.0000000000e+00
3.1000000000e+01 -1.0000000000e+00 3.1054000000e-02 2.9840000000e+03 0.0000000000e+00 1.0000000000e+00 0.0000000000e+00
8.0000000000e+00 6.5700000000e+00 7.2840000000e-03 1.0494000000e+04 3.5260000000e+03 1.0000000000e+00 2.0000000000e+00
2.0000000000e+00 -1.0000000000e+00 1.8065000000e-02 3.0572000000e+04 0.0000000000e+00 1.0000000000e+00 0.0000000000e+00
8.0000000000e+00 -1.0000000000e+00 3.6630000000e-02 1.9575000000e+04 0.0000000000e+00 1.0000000000e+00 0.0000000000e+00
1.0000000000e+00 2.1500000000e+01 3.7005000000e-02 3.3928000000e+04 1.0801000000e+04 1.0000000000e+00 2.0000000000e+00
0.0000000000e+00 -1.0000000000e+00 3.7010000000e-02 4.4520000000e+03 0.0000000000e+00 1.0000000000e+00 0.0000000000e+00
1.2000000000e+01 -1.0000000000e+00 1.2466000000e-02 5.4400000000e+02 0.0000000000e+00 1.0000000000e+00 0.0000000000e+00
7.0000000000e+00 1.6100000000e+01 3.6630000000e-02 1.2876000000e+04 9.0070000000e+03 1.0000000000e+00 2.0000000000e+00
1.9000000000e+01 -1.0000000000e+00 1.5598000000e-02 3.7931000000e+04 0.0000000000e+00 1.0000000000e+00 0.0000000000e+00
1.9000000000e+01 -1.0000000000e+00 9.6820000000e-03 8.3520000000e+03 0.0000000000e+00 1.0000000000e+00 0.0000000000e+00
1.4450000000e+01 1.9070000000e+01 3.6718000000e-02 3.3704000000e+04 1.8183000000e+04 2.0000000000e+00 3.0000000000e+00
2.4870000000e+01 2.0410000000e+01 3.9266000000e-02 2.2722000000e+04 9.8190000000e+03 2.0000000000e+00 2.0000000000e+00
2.0000000000e+01 -1.0000000000e+00 4.1749000000e-02 9.3700000000e+02 0.0000000000e+00 1.0000000000e+00 0.0000000000e+00
2.5000000000e+01 1.0470000000e+01 1.9175000000e-02 3.3797000000e+04 1.3665000000e+04 1.0000000000e+00 2.0000000000e+00
2.4000000000e+01 -1.0000000000e+00 1.9180000000e-02 4.2760000000e+03 0.0000000000e+00 1.0000000000e+00 0.0000000000e+00
2.6000000000e+01 -1.0000000000e+00 4.3840000000e-02 3.5497000000e+04 0.0000000000e+00 1.0000000000e+00 0.0000000000e+00
2.7000000000e+01 -1.0000000000e+00 4.3844000000e-02 4.9640000000e+03 0.0000000000e+00 1.0000000000e+00 0.0000000000e+00
1.3000000000e+01 -1.0000000000e+00 5.8708000000e-02 1.4170000000e+03 0.0000000000e+00 1.0000000000e+00 0.0000000000e+00
1.3840000000e+01 -1.0000000000e+00 4.1804000000e-02 3.8114000000e+04 0.0000000000e+00 2.0000000000e+00 0.0000000000e+00
2.0000000000e+00 -1.0000000000e+00 4.3061000000e-02 9.4590000000e+03 0.0000000000e+00 1.0000000000e+00 0.0000000000e+00
1.3820000000e+01 1.0350000000e+01 1.3424000000e-02 2.2623000000e+04 1.0834000000e+04 2.0000000000e+00 2.0000000000e+00
1.3410000000e+01 -1.0000000000e+00 4.0557000000e-02 8.9050000000e+03 0.0000000000e+00 2.0000000000e+00 0.0000000000e+00
3.1000000000e+01 -1.0000000000e+00 3.0659000000e-02 3.5200000000e+03 0.0000000000e+00 1.0000000000e+00 0.0000000000e+00
2.0000000000e+00 -1.0000000000e+00 6.8570000000e-03 7.4310000000e+03 0.0000000000e+00 1.0000000000e+00 0.0000000000e+00
2.0000000000e+01 -1.0000000000e+00 6.5300000000e-03 3.1541000000e+04 0.0000000000e+00 1.0000000000e+00 0.0000000000e+00
2.1000000000e+01 -1.0000000000e+00 6.5350000000e-03 3.8260000000e+03 0.0000000000e+00 1.0000000000e+00 0.0000000000e+00
1.3000000000e+01 -1.0000000000e+00 6.0750000000e-03 4.1837000000e+04 0.0000000000e+00 1.0000000000e+00 0.0000000000e+00
7.0000000000e+00 1.4000000000e+01 3.5966000000e-02 7.5860000000e+03 1.7540000000e+03 1.0000000000e+00 1.0000000000e+00
2.0000000000e+00 1.4480000000e+01 1.2480000000e-02 3.1544000000e+04 8.8260000000e+03 1.0000000000e+00 2.0000000000e+00
2.0060000000e+01 1.0330000000e+01 3.8525000000e-02 3.2397000000e+04 1.5525000000e+04 2.0000000000e+00 3.0000000000e+00
2.6000000000e+01 -1.0000000000e+00 5.1656000000e-02 9.4400000000e+02 0.0000000000e+00 1.0000000000e+00 0.0000000000e+00
2.6060000000e+01 1.1380000000e+01 3.6957000000e-02 2.3233000000e+04 9.4630000000e+03 2.0000000000e+00 2.0000000000e+00
3.1000000000e+01 -1.0000000000e+00 5.1312000000e-02 1.2570000000e+03 0.0000000000e+00 1.0000000000e+00 0.0000000000e+00
1.7200000000e+00 5.9400000000e+00 3.7386000000e-02 4.3695000000e+04 1.5901000000e+04 2.0000000000e+00 3.0000000000e+00
0.0000000000e+00 -1.0000000000e+00 5.2301000000e-02 1.0830000000e+03 0.0000000000e+00 1.0000000000e+00 0.0000000000e+00
2.5000000000e+01 2.1650000000e+01 7.8400000000e-03 1.8701000000e+04 8.0200000000e+03 1.0000000000e+00 2.0000000000e+00
1.9060000000e+01 -1.0000000000e+00 3.8297000000e-02 3.8555000000e+04 0.0000000000e+00 2.0000000000e+00 0.0000000000e+00
1.8000000000e+01 -1.0000000000e+00 3.8302000000e-02 4.9190000000e+03 0.0000000000e+00 1.0000000000e+00 0.0000000000e+00
2.5000000000e+01 -1.0000000000e+00 4.6468000000e-02 2.2582000000e+04 0.0000000000e+00 1.0000000000e+00 0.0000000000e+00
1.9170000000e+01 -1.0000000000e+00 4.1616000000e-02 2.6842000000e+04 0.0000000000e+00 2.0000000000e+00 0.0000000000e+00
1.4000000000e+01 -1.0000000000e+00 5.8964000000e-02 9.0000000000e+01 0.0000000000e+00 1.0000000000e+00 0.0000000000e+00
2.0000000000e+01 -1.0000000000e+00 9.1860000000e-03 2.1163000000e+04 0.0000000000e+00 1.0000000000e+00 0.0000000000e+00
1.3000000000e+01 1.7000000000e+01 3.7885000000e-02 6.8100000000e+03 7.5300000000e+02 1.0000000000e+00 1.0000000000e+00
2.4850000000e+01 2.0390000000e+01 4.0303000000e-02 3.8298000000e+04 1.8247000000e+04 3.0000000000e+00 3.0000000000e+00
3.0000000000e+01 -1.0000000000e+00 4.0312000000e-02 1.0840000000e+03 0.0000000000e+00 1.0000000000e+00 0.0000000000e+00
8.0000000000e+00 -1.0000000000e+00 9.9450000000e-03 1.3980000000e+04 0.0000000000e+00 1.0000000000e+00 0.0000000000e+00
3.1000000000e+01 -1.0000000000e+00 1.2198000000e-02 2.6470000000e+03 0.0000000000e+00 1.0000000000e+00 0.0000000000e+00
2.0000000000e+01 1.6430000000e+01 4.3701000000e-02 1.8144000000e+04 7.5130000000e+03 1.0000000000e+00 2.0000000000e+00
1.9000000000e+01 -1.0000000000e+00 1.4236000000e-02 2.2146000000e+04 0.0000000000e+00 1.0000000000e+00 0.0000000000e+00
8.0000000000e+00 1.6900000000e+01 1.0097000000e-02 3.2865000000e+04 1.5386000000e+04 1.0000000000e+00 3.0000000000e+00
2.6000000000e+01 6.4100000000e+00 3.8664000000e-02 3.3041000000e+04 1.3840000000e+04 1.0000000000e+00 2.0000000000e+00
7.6900000000e+00 1.4140000000e+01 8.3540000000e-03 1.2528000000e+04 4.9530000000e+03 2.0000000000e+00 2.0000000000e+00
1.1000000000e+01 -1.0000000000e+00 2.4813000000e-02 2.1560000000e+03 0.0000000000e+00 1.0000000000e+00 0.0000000000e+00
2.5000000000e+01 2.2150000000e+01 1.7824000000e-02 4.0495000000e+04 2.0558000000e+04 1.0000000000e+00 3.0000000000e+00
3.1000000000e+01 -1.0000000000e+00 2.8865000000e-02 3.3070000000e+03 0.0000000000e+00 1.0000000000e+00 0.0000000000e+00
1.9000000000e+01 -1.0000000000e+00 4.7005000000e-02 1.6860000000e+03 0.0000000000e+00 1.0000000000e+00 0.0000000000e+00
8.0000000000e+00 -1.0000000000e+00 7.2910000000e-03 1.9640000000e+03 0.0000000000e+00 1.0000000000e+00 0.0000000000e+00
3.1000000000e+01 -1.0000000000e+00 2.6006000000e-02 3.5100000000e+03 0.0000000000e+00 1.0000000000e+00 0.0000000000e+00
1.8680000000e+01 1.0240000000e+01 3.5868000000e-02 2.8632000000e+04 1.3141000000e+04 2.0000000000e+00 3.0000000000e+00
2.0000000000e+01 -1.0000000000e+00 5.7940000000e-03 1.0400000000e+03 0.0000000000e+00 1.0000000000e+00 0.0000000000e+00
1.9100000000e+00 1.9790000000e+01 1.2872000000e-02 3.7324000000e+04 1.3377000000e+04 2.0000000000e+00 3.0000000000e+00
3.0000000000e+00 -1.0000000000e+00 1.2877000000e-02 3.8920000000e+03 0.0000000000e+00 1.0000000000e+00 0.0000000000e+00
1.2200000000e+00 1.3980000000e+01 4.9671000000e-02 3.4329000000e+04 1.2818000000e+04 2.0000000000e+00 3.0000000000e+00
2.5800000000e+01 1.5000000000e+01 7.0820000000e-03 1.1588000000e+04 3.2830000000e+03 2.0000000000e+00 1.0000000000e+00
3.1000000000e+01 -1.0000000000e+00 1.0890000000e-02 1.6250000000e+03 0.0000000000e+00 1.0000000000e+00 0.0000000000e+00
2.0000000000e+00 -1.0000000000e+00 2.1005000000e-02 3.9186000000e+04 0.0000000000e+00 1.0000000000e+00 0.0000000000e+00
3.0000000000e+00 -1.0000000000e+00 2.1011000000e-02 4.5360000000e+03 0.0000000000e+00 1.0000000000e+00 0.0000000000e+00
1.9000000000e+01 -1.0000000000e+00 6.2500000000e-03 1.0493000000e+04 0.0000000000e+00 1.0000000000e+00 0.0000000000e+00
2.0000000000e+01 -1.0000000000e+00 3.6242000000e-02 4.1250000000e+03 0.0000000000e+00 1.0000000000e+00 0.0000000000e+00
1.3000000000e+01 -1.0000000000e+00 1.2878000000e-02 4.7930000000e+03 0.0000000000e+00 1.0000000000e+00 0.0000000000e+00
1.3000000000e+01 -1.0000000000e+00 3.7883000000e-02 1.4153000000e+04 0.0000000000e+00 1.0000000000e+00 0.0000000000e+00
3.1000000000e+01 -1.0000000000e+00 3.4671000000e-02 6.5800000000e+02 0.0000000000e+00 1.0000000000e+00 0.0000000000e+00
2.5470000000e+01 -1.0000000000e+00 4.0951000000e-02 3.8859000000e+04 0.0000000000e+00 2.0000000000e+00 0.0000000000e+00
6.8700000000e+00 1.5010000000e+01 3.5866000000e-02 3.9898000000e+04 2.0483000000e+04 2.0000000000e+00 3.0000000000e+00
1.3000000000e+01 6.8800000000e+00 3.7105000000e-02 4.2235000000e+04 2.3986000000e+04 1.0000000000e+00 3.0000000000e+00
7.7100000000e+00 1.2030000000e+01 3.9233000000e-02 4.6627000000e+04 2.4375000000e+04 2.0000000000e+00 3.0000000000e+00
1.2000000000e+01 -1.0000000000e+00 4.2123000000e-02 5.6500000000e+02 0.0000000000e+00 1.0000000000e+00 0.0000000000e+00
2.1000000000e+01 -1.0000000000e+00 4.4265000000e-02 1.3020000000e+03 0.0000000000e+00 1.0000000000e+00 0.0000000000e+00
3.1000000000e+01 -1.0000000000e+00 1.9310000000e-03 3.4180000000e+03 0.0000000000e+00 1.0000000000e+00 0.0000000000e+00
1.8100000000e+00 1.4480000000e+01 1.3035000000e-02 3.3158000000e+04 9.7400000000e+03 2.0000000000e+00 2.0000000000e+00
2.6000000000e+01 1.4940000000e+01 5.0457000000e-02 1.4842000000e+04 4.5580000000e+03 1.0000000000e+00 2.0000000000e+00
1.6000000000e+01 -1.0000000000e+00 4.1867000000e-02 1.3670000000e+03 0.0000000000e+00 1.0000000000e+00 0.0000000000e+00
1.3000000000e+01 -1.0000000000e+00 6.8510000000e-03 7.1170000000e+03 0.0000000000e+00 1.0000000000e+00 0.0000000000e+00
1.9000000000e+01 1.4740000000e+01 7.4570000000e-03 2.8542000000e+04 9.9110000000e+03 1.0000000000e+00 2.0000000000e+00
1.7530000000e+01 2.6000000000e-01 4.3713000000e-02 1.4823000000e+04 6.0750000000e+03 2.0000000000e+00 2.0000000000e+00
2.6000000000e+01 1.6100000000e+01 1.0133000000e-02 3.7330000000e+04 1.8731000000e+04 1.0000000000e+00 3.0000000000e+00
2.7000000000e+01 -1.0000000000e+00 1.0137000000e-02 5.6370000000e+03 0.0000000000e+00 1.0000000000e+00 0.0000000000e+00
3.1000000000e+01 -1.0000000000e+00 4.3742000000e-02 3.6500000000e+02 0.0000000000e+00 1.0000000000e+00 0.0000000000e+00
1.9180000000e+01 1.5000000000e+01 3.6390000000e-02 1.0864000000e+04 2.1990000000e+03 2.0000000000e+00 1.0000000000e+00
8.0400000000e+00 1.5000000000e+01 4.0118000000e-02 3.1343000000e+04 1.8060000000e+03 2.0000000000e+00 1.0000000000e+00
2.0000000000e+00 -1.0000000000e+00 4.5912000000e-02 2.0700000000e+03 0.0000000000e+00 1.0000000000e+00 0.0000000000e+00
1.9360000000e+01 1.5000000000e+01 8.4730000000e-03 3.8186000000e+04 2.4790000000e+03 2.0000000000e+00 1.0000000000e+00
1.9000000000e+01 -1.0000000000e+00 9.4410000000e-03 1.4477000000e+04 0.0000000000e+00 1.0000000000e+00 0.0000000000e+00
1.9290000000e+01 -1.0000000000e+00 9.5810000000e-03 3.1975000000e+04 0.0000000000e+00 2.0000000000e+00 0.0000000000e+00
1.7900000000e+00 -1.0000000000e+00 3.7717000000e-02 3.9106000000e+04 0.0000000000e+00 2.0000000000e+00 0.0000000000e+00
2.5000000000e+01 -1.0000000000e+00 9.6060000000e-03 3.6388000000e+04 0.0000000000e+00 1.0000000000e+00 0.0000000000e+00
2.4000000000e+01 -1.0000000000e+00 9.6100000000e-03 5.4720000000e+03 0.0000000000e+00 1.0000000000e+00 0.0000000000e+00
1.3000000000e+01 1.0010000000e+01 3.9175000000e-02 3.3212000000e+04 1.7479000000e+04 1.0000000000e+00 3.0000000000e+00
8.0000000000e+00 -1.0000000000e+00 5.0983000000e-02 2.9900000000e+02 0.0000000000e+00 1.0000000000e+00 0.0000000000e+00
8.1900000000e+00 -1.0000000000e+00 4.0379000000e-02 4.5048000000e+04 0.0000000000e+00 2.0000000000e+00 0.0000000000e+00
1.3550000000e+01 -1.0000000000e+00 6.5260000000e-03 4.7792000000e+04 0.0000000000e+00 2.0000000000e+00 0.0000000000e+00
3.1000000000e+01 -1.0000000000e+00 1.2029000000e-02 2.2870000000e+03 0.0000000000e+00 1.0000000000e+00 0.0000000000e+00
8.0000000000e+00 -1.0000000000e+00 3.6772000000e-02 4.7910000000e+03 0.0000000000e+00 1.0000000000e+00 0.0000000000e+00
1.3000000000e+01 2.5970000000e+01 4.1347000000e-02 3.0850000000e+04 1.5892000000e+04 1.0000000000e+00 3.0000000000e+00
2.6000000000e+01 2.0440000000e+01 4.5897000000e-02 1.7255000000e+04 7.2930000000e+03 1.0000000000e+00 2.0000000000e+00
1.4000000000e+01 1.6670000000e+01 1.0251000000e-02 1.0767000000e+04 4.8120000000e+03 1.0000000000e+00 2.0000000000e+00
1.9000000000e+01 9.0800000000e+00 4.1237000000e-02 2.6291000000e+04 1.1423000000e+04 1.0000000000e+00 3.0000000000e+00
1.3000000000e+01 8.7600000000e+00 9.6240000000e-03 1.0161000000e+04 3.3280000000e+03 1.0000000000e+00 2.0000000000e+00
1.4000000000e+01 -1.0000000000e+00 1.1814000000e-02 3.7022000000e+04 0.0000000000e+00 1.0000000000e+00 0.0000000000e+00
1.9510000000e+01 2.4390000000e+01 4.1691000000e-02 2.8668000000e+04 1.2752000000e+04 2.0000000000e+00 2.0000000000e+00
3.1000000000e+01 -1.0000000000e+00 4.3079000000e-02 9.5100000000e+02 0.0000000000e+00 1.0000000000e+00 0.0000000000e+00
2.0000000000e+00 1.3180000000e+01 4.3174000000e-02 3.9547000000e+04 1.3217000000e+04 1.0000000000e+00 3.0000000000e+00
1.0000000000e+00 -1.0000000000e+00 4.3177000000e-02 5.0230000000e+03 0.0000000000e+00 1.0000000000e+00 0.0000000000e+00
3.0000000000e+00 -1.0000000000e+00 4.3179000000e-02 4.2640000000e+03 0.0000000000e+00 1.0000000000e+00 0.0000000000e+00
2.6390000000e+01 8.5000000000e+00 9.2570000000e-03 2.6840000000e+04 1.1325000000e+04 2.0000000000e+00 2.0000000000e+00
1.8000000000e+01 -1.0000000000e+00 1.0485000000e-02 7.9100000000e+02 0.0000000000e+00 1.0000000000e+00 0.0000000000e+00
1.9000000000e+01 -1.0000000000e+00 1.0535000000e-02 3.3991000000e+04 0.0000000000e+00 1.0000000000e+00 0.0000000000e+00
1.8000000000e+01 -1.0000000000e+00 1.0539000000e-02 5.1200000000e+03 0.0000000000e+00 1.0000000000e+00 0.0000000000e+00
1.8000000000e+01 -1.0000000000e+00 2.0215000000e-02 1.5120000000e+03 0.0000000000e+00 1.0000000000e+00 0.0000000000e+00
3.1000000000e+01 -1.0000000000e+00 4.3111000000e-02 8.5400000000e+02 0.0000000000e+00 1.0000000000e+00 0.0000000000e+00
3.1000000000e+01 -1.0000000000e+00 4.7526000000e-02 3.4850000000e+03 0.0000000000e+00 1.0000000000e+00 0.0000000000e+00
6.9300000000e+00 1.8650000000e+01 4.0670000000e-02 4.6398000000e+04 2.9151000000e+04 2.0000000000e+00 4.0000000000e+00
8.0000000000e+00 -1.0000000000e+00 4.0674000000e-02 4.4570000000e+03 0.0000000000e+00 1.0000000000e+00 0.0000000000e+00
1.6000000000e+01 -1.0000000000e+00 2.4740000000e-02 2.4300000000e+03 0.0000000000e+00 1.0000000000e+00 0.0000000000e+00
2.5660000000e+01 -1.0000000000e+00 4.0359000000e-02 5.4510000000e+03 0.0000000000e+00 2.0000000000e+00 0.0000000000e+00
3.1000000000e+01 -1.0000000000e+00 4.4875000000e-02 2.3630000000e+03 0.0000000000e+00 1.0000000000e+00 0.0000000000e+00
1.9960000000e+01 9.6400000000e+00 7.5860000000e-03 3.7642000000e+04 1.7334000000e+04 2.0000000000e+00 3.0000000000e+00
8.0000000000e+00 9.0000000000e+00 1.0742000000e-02 5.2310000000e+03 1.6240000000e+03 1.0000000000e+00 1.0000000000e+00
2.1000000000e+01 2.2720000000e+01 1.3318000000e-02 2.9979000000e+04 1.1259000000e+04 1.0000000000e+00 2.0000000000e+00
1.2000000000e+01 -1.0000000000e+00 2.8120000000e-02 4.2900000000e+02 0.0000000000e+00 1.0000000000e+00 0.0000000000e+00
1.4000000000e+01 -1.0000000000e+00 3.6749000000e-02 2.0963000000e+04 0.0000000000e+00 1.0000000000e+00 0.0000000000e+00
2.5000000000e+01 1.3640000000e+01 3.7739000000e-02 1.7547000000e+04 5.6640000000e+03 1.0000000000e+00 2.0000000000e+00
1.3580000000e+01 1.8020000000e+01 8.3880000000e-03 2.6419000000e+04 1.4446000000e+04 2.0000000000e+00 3.0000000000e+00
2.5000000000e+01 -1.0000000000e+00 9.4050000000e-03 1.6221000000e+04 0.0000000000e+00 1.0000000000e+00 0.0000000000e+00
1.9330000000e+01 1.2430000000e+01 1.0497000000e-02 1.7379000000e+04 7.1650000000e+03 2.0000000000e+00 2.0000000000e+00
3.1000000000e+01 -1.0000000000e+00 1.3914000000e-02 2.2760000000e+03 0.0000000000e+00 1.0000000000e+00 0.0000000000e+00
2.0150000000e+01 1.2540000000e+01 1.8831000000e-02 2.7869000000e+04 1.1636000000e+04 2.0000000000e+00 2.0000000000e+00
7.0000000000e+00 -1.0000000000e+00 3.7983000000e-02 7.0500000000e+02 0.0000000000e+00 1.0000000000e+00 0.0000000000e+00
6.0000000000e+00 -1.0000000000e+00 3.9049000000e-02 1.3680000000e+03 0.0000000000e+00 1.0000000000e+00 0.0000000000e+00
2.5040000000e+01 5.8700000000e+00 5.6008000000e-02 3.6357000000e+04 1.6511000000e+04 2.0000000000e+00 3.0000000000e+00
2.4000000000e+01 -1.0000000000e+00 5.6012000000e-02 5.1700000000e+03 0.0000000000e+00 1.0000000000e+00 0.0000000000e+00
3.1000000000e+01 -1.0000000000e+00 2.6741000000e-02 1.6530000000e+03 0.0000000000e+00 1.0000000000e+00 0.0000000000e+00
1.9770000000e+01 1.4980000000e+01 3.9482000000e-02 1.5959000000e+04 4.8870000000e+03 2.0000000000e+00 2.0000000000e+00
2.0000000000e+01 -1.0000000000e+00 6.0100000000e-03 2.8965000000e+04 0.0000000000e+00 1.0000000000e+00 0.0000000000e+00
1.3000000000e+01 1.6480000000e+01 6.2780000000e-03 1.8959000000e+04 8.6830000000e+03 1.0000000000e+00 2.0000000000e+00
2.0000000000e+00 -1.0000000000e+00 3.6297000000e-02 4.6790000000e+03 0.0000000000e+00 1.0000000000e+00 0.0000000000e+00
2.5000000000e+01 1.4190000000e+01 3.7016000000e-02 3.9763000000e+04 2.1531000000e+04 1.0000000000e+00 3.0000000000e+00
1.3000000000e+01 -1.0000000000e+00 4.3492000000e-02 3.0704000000e+04 0.0000000000e+00 1.0000000000e+00 0.0000000000e+00
2.6000000000e+01 1.1680000000e+01 9.4500000000e-03 3.3840000000e+04 1.6899000000e+04 1.0000000000e+00 4.0000000000e+00
2.7000000000e+01 -1.0000000000e+00 9.4540000000e-03 5.0480000000e+03 0.0000000000e+00 1.0000000000e+00 0.0000000000e+00
2.0000000000e+00 -1.0000000000e+00 1.4567000000e-02 7.3200000000e+02 0.0000000000e+00 1.0000000000e+00 0.0000000000e+00
2.5130000000e+01 2.3890000000e+01 1.9083000000e-02 3.4818000000e+04 1.7105000000e+04 2.0000000000e+00 3.0000000000e+00
1.4000000000e+01 1.6460000000e+01 3.7210000000e-02 1.1608000000e+04 4.2260000000e+03 1.0000000000e+00 2.0000000000e+00
1.2400000000e+00 -1.0000000000e+00 3.7734000000e-02 3.6422000000e+04 0.0000000000e+00 2.0000000000e+00 0.0000000000e+00
7.0000000000e+00 1.5180000000e+01 3.9586000000e-02 2.9397000000e+04 1.3326000000e+04 1.0000000000e+00 3.0000000000e+00
2.6000000000e+01 8.8200000000e+00 4.3569000000e-02 2.6500000000e+04 1.1906000000e+04 1.0000000000e+00 3.0000000000e+00
1.9000000000e+01 1.6690000000e+01 5.9660000000e-03 2.7059000000e+04 1.0198000000e+04 1.0000000000e+00 2.0000000000e+00
2.9000000000e+01 -1.0000000000e+00 1.8763000000e-02 3.5000000000e+01 0.0000000000e+00 1.0000000000e+00 0.0000000000e+00
6.0000000000e+00 -1.0000000000e+00 1.6458000000e-02 7.6600000000e+02 0.0000000000e+00 1.0000000000e+00 0.0000000000e+00
3.1000000000e+01 -1.0000000000e+00 1.8550000000e-02 3.6100000000e+03 0.0000000000e+00 1.0000000000e+00 0.0000000000e+00
7.3200000000e+00 -1.0000000000e+00 3.9690000000e-02 3.5259000000e+04 0.0000000000e+00 2.0000000000e+00 0.0000000000e+00
2.0000000000e+01 -1.0000000000e+00 6.0530000000e-03 4.0040000000e+03 0.0000000000e+00 1.0000000000e+00 0.0000000000e+00
4.0000000000e+00 -1.0000000000e+00 1.7058000000e-02 1.8240000000e+03 0.0000000000e+00 1.0000000000e+00 0.0000000000e+00
7.0400000000e+00 -1.0000000000e+00 1.6363000000e-02 4.1920000000e+04 0.0000000000e+00 2.0000000000e+00 0.0000000000e+00
1.2500000000e+01 1.9690000000e+01 1.9943000000e-02 4.3917000000e+04 2.2761000000e+04 2.0000000000e+00 4.0000000000e+00
2.0000000000e+00 -1.0000000000e+00 3.7268000000e-02 5.7990000000e+03 0.0000000000e+00 1.0000000000e+00 0.0000000000e+00
2.0000000000e+00 -1.0000000000e+00 6.8630000000e-03 4.5650000000e+03 0.0000000000e+00 1.0000000000e+00 0.0000000000e+00
1.4000000000e+01 1.7000000000e+01 6.9210000000e-03 8.7390000000e+03 2.0130000000e+03 1.0000000000e+00 1.0000000000e+00
2.0150000000e+01 2.3380000000e+01 8.6520000000e-03 4.3379000000e+04 2.2768000000e+04 2.0000000000e+00 4.0000000000e+00
3.1000000000e+01 -1.0000000000e+00 3.1548000000e-02 1.9910000000e+03 0.0000000000e+00 1.0000000000e+00 0.0000000000e+00
7.0000000000e+00 -1.0000000000e+00 3.8455000000e-02 1.1217000000e+04 0.0000000000e+00 1.0000000000e+00 0.0000000000e+00
1.4050000000e+01 1.3680000000e+01 4.3312000000e-02 3.3414000000e+04 1.9158000000e+04 2.0000000000e+00 3.0000000000e+00
2.1000000000e+01 -1.0000000000e+00 1.7380000000e-03 1.0680000000e+03 0.0000000000e+00 1.0000000000e+00 0.0000000000e+00
1.3000000000e+01 2.1770000000e+01 7.5630000000e-03 1.7653000000e+04 7.2820000000e+03 1.0000000000e+00 2.0000000000e+00
2.5290000000e+01 -1.0000000000e+00 1.0474000000e-02 3.8322000000e+04 0.0000000000e+00 2.0000000000e+00 0.0000000000e+00
3.1000000000e+01 -1.0000000000e+00 3.8150000000e-02 9.7500000000e+02 0.0000000000e+00 1.0000000000e+00 0.0000000000e+00
1.1000000000e+01 -1.0000000000e+00 4.9418000000e-02 9.7200000000e+02 0.0000000000e+00 1.0000000000e+00 0.0000000000e+00
2.6000000000e+01 1.4000000000e+01 1.6394000000e-02 8.1120000000e+03 2.7580000000e+03 1.0000000000e+00 1.0000000000e+00
7.3200000000e+00 -1.0000000000e+00 4.2343000000e-02 4.5780000000e+04 0.0000000000e+00 2.0000000000e+00 0.0000000000e+00
3.1000000000e+01 -1.0000000000e+00 4.3717000000e-02 2.6220000000e+03 0.0000000000e+00 1.0000000000e+00 0.0000000000e+00
7.6300000000e+00 8.0000000000e+00 9.5660000000e-03 1.2337000000e+04 3.5530000000e+03 2.0000000000e+00 1.0000000000e+00
2.5000000000e+01 -1.0000000000e+00 1.5310000000e-02 3.9011000000e+04 0.0000000000e+00 1.0000000000e+00 0.0000000000e+00
2.0000000000e+00 2.2190000000e+01 2.3666000000e-02 4.2879000000e+04 1.6125000000e+04 1.0000000000e+00 3.0000000000e+00
3.0000000000e+00 -1.0000000000e+00 2.3671000000e-02 5.5950000000e+03 0.0000000000e+00 1.0000000000e+00 0.0000000000e+00
3.1000000000e+01 -1.0000000000e+00 2.5783000000e-02 1.0590000000e+03 0.0000000000e+00 1.0000000000e+00 0.0000000000e+00
1.9690000000e+01 1.5540000000e+01 4.0072000000e-02 2.7890000000e+04 1.2727000000e+04 2.0000000000e+00 3.0000000000e+00
2.0000000000e+00 1.6000000000e+01 6.8750000000e-03 2.3188000000e+04 2.6490000000e+03 1.0000000000e+00 1.0000000000e+00
1.9000000000e+01 -1.0000000000e+00 3.8010000000e-02 1.8747000000e+04 0.0000000000e+00 1.0000000000e+00 0.0000000000e+00
1.3510000000e+01 -1.0000000000e+00 3.6675000000e-02 1.2304000000e+04 0.0000000000e+00 2.0000000000e+00 0.0000000000e+00
1.9000000000e+01 -1.0000000000e+00 1.4618000000e-02 5.0700000000e+03 0.0000000000e+00 1.0000000000e+00 0.0000000000e+00
2.0000000000e+01 -1.0000000000e+00 4.8394000000e-02 1.5378000000e+04 0.0000000000e+00 1.0000000000e+00 0.0000000000e+00
2.0000000000e+00 1.8000000000e+01 9.1570000000e-03 8.6120000000e+03 1.0420000000e+03 1.0000000000e+00 1.0000000000e+00
7.0000000000e+00 7.0000000000e+00 4.1392000000e-02 2.7588000000e+04 6.4260000000e+03 1.0000000000e+00 1.0000000000e+00
4.0000000000e+00 -1.0000000000e+00 9.1580000000e-03 7.1100000000e+02 0.0000000000e+00 1.0000000000e+00 0.0000000000e+00
2.6000000000e+01 -1.0000000000e+00 3.6334000000e-02 3.7402000000e+04 0.0000000000e+00 1.0000000000e+00 0.0000000000e+00
2.7000000000e+01 -1.0000000000e+00 3.6339000000e-02 5.4690000000e+03 0.0000000000e+00 1.0000000000e+00 0.0000000000e+00
3.0000000000e+01 -1.0000000000e+00 2.1719000000e-02 1.7050000000e+03 0.0000000000e+00 1.0000000000e+00 0.0000000000e+00
1.1000000000e+01 -1.0000000000e+00 5.0716000000e-02 7.1600000000e+02 0.0000000000e+00 1.0000000000e+00 0.0000000000e+00
1.9000000000e+01 -1.0000000000e+00 3.8522000000e-02 1.5990000000e+03 0.0000000000e+00 1.0000000000e+00 0.0000000000e+00
1.3000000000e+01 1.6490000000e+01 3.9419000000e-02 1.8353000000e+04 7.0170000000e+03 1.0000000000e+00 2.0000000000e+00
8.0000000000e+00 -1.0000000000e+00 4.4547000000e-02 2.8400000000e+02 0.0000000000e+00 1.0000000000e+00 0.0000000000e+00
2.6000000000e+01 -1.0000000000e+00 1.2876000000e-02 6.0940000000e+03 0.0000000000e+00 1.0000000000e+00 0.0000000000e+00
2.0000000000e+00 -1.0000000000e+00 3.6549000000e-02 8.3240000000e+03 0.0000000000e+00 1.0000000000e+00 0.0000000000e+00
7.0000000000e+00 -1.0000000000e+00 5.1592000000e-02 1.1200000000e+03 0.0000000000e+00 1.0000000000e+00 0.0000000000e+00
1.4000000000e+01 1.5800000000e+01 3.8163000000e-02 3.6442000000e+04 2.1908000000e+04 1.0000000000e+00 3.0000000000e+00
1.8000000000e+01 1.6120000000e+01 4.1871000000e-02 3.9403000000e+04 1.2545000000e+04 1.0000000000e+00 2.0000000000e+00
1.9000000000e+01 -1.0000000000e+00 4.1875000000e-02 6.4180000000e+03 0.0000000000e+00 1.0000000000e+00 0.0000000000e+00
1.3000000000e+01 9.0000000000e+00 4.2004000000e-02 8.9790000000e+03 2.1760000000e+03 1.0000000000e+00 1.0000000000e+00
8.0000000000e+00 -1.0000000000e+00 5.9396000000e-02 7.0700000000e+02 0.0000000000e+00 1.0000000000e+00 0.0000000000e+00
1.3000000000e+01 -1.0000000000e+00 1.1411000000e-02 2.5911000000e+04 0.0000000000e+00 1.0000000000e+00 0.0000000000e+00
7.0800000000e+00 2.3000000000e+01 8.0220000000e-03 5.6880000000e+03 1.6530000000e+03 2.0000000000e+00 1.0000000000e+00
1.4120000000e+01 -1.0000000000e+00 9.5720000000e-03 2.9880000000e+04 0.0000000000e+00 2.0000000000e+00 0.0000000000e+00
1.9360000000e+01 1.4000000000e+01 1.9984000000e-02 1.0331000000e+04 3.4880000000e+03 2.0000000000e+00 1.0000000000e+00
7.0000000000e+00 1.4880000000e+01 4.3632000000e-02 3.5599000000e+04 1.6415000000e+04 1.0000000000e+00 3.0000000000e+00
1.0000000000e+00 -1.0000000000e+00 5.1880000000e-02 1.6891000000e+04 0.0000000000e+00 1.0000000000e+00 0.0000000000e+00
1.8000000000e+01 -1.0000000000e+00 1.3180000000e-03 6.0000000000e+00 0.0000000000e+00 1.0000000000e+00 0.0000000000e+00
1.3490000000e+01 -1.0000000000e+00 1.3206000000e-02 5.5153000000e+04 0.0000000000e+00 2.0000000000e+00 0.0000000000e+00
1.9310000000e+01 -1.0000000000e+00 1.6936000000e-02 3.7143000000e+04 0.0000000000e+00 2.0000000000e+00 0.0000000000e+00
1.8000000000e+01 -1.0000000000e+00 1.6941000000e-02 2.9770000000e+03 0.0000000000e+00 1.0000000000e+00 0.0000000000e+00
2.0000000000e+00 1.9290000000e+01 1.8344000000e-02 1.9670000000e+04 4.7510000000e+03 1.0000000000e+00 2.0000000000e+00
2.0000000000e+00 -1.0000000000e+00 7.3790000000e-03 1.9390000000e+03 0.0000000000e+00 1.0000000000e+00 0.0000000000e+00
1.0000000000e+00 -1.0000000000e+00 1.1783000000e-02 1.8451000000e+04 0.0000000000e+00 1.0000000000e+00 0.0000000000e+00
1.3000000000e+01 1.4720000000e+01 3.6141000000e-02 3.9818000000e+04 1.7236000000e+04 1.0000000000e+00 2.0000000000e+00
1.3170000000e+01 -1.0000000000e+00 4.1154000000e-02 1.0338000000e+04 0.0000000000e+00 2.0000000000e+00 0.0000000000e+00
2.6000000000e+01 1.9000000000e+01 1.0488000000e-02 5.2520000000e+03 1.2280000000e+03 1.0000000000e+00 1.0000000000e+00
3.1000000000e+01 -1.0000000000e+00 1.7422000000e-02 3.0890000000e+03 0.0000000000e+00 1.0000000000e+00 0.0000000000e+00
2.0170000000e+01 1.7980000000e+01 3.9174000000e-02 2.4779000000e+04 1.1760000000e+04 2.0000000000e+00 3.0000000000e+00
2.6000000000e+01 1.5250000000e+01 1.2350000000e-02 3.0788000000e+04 1.4731000000e+04 1.0000000000e+00 3.0000000000e+00
3.1000000000e+01 -1.0000000000e+00 7.8990000000e-03 1.8630000000e+03 0.0000000000e+00 1.0000000000e+00 0.0000000000e+00
2.0000000000e+01 2.3000000000e+01 8.8640000000e-03 7.2450000000e+03 1.3210000000e+03 1.0000000000e+00 1.0000000000e+00
2.0000000000e+00 2.2830000000e+01 4.1655000000e-02 3.4768000000e+04 1.3066000000e+04 1.0000000000e+00 3.0000000000e+00
7.0000000000e+00 1.6340000000e+01 4.7731000000e-02 2.9405000000e+04 1.8577000000e+04 1.0000000000e+00 2.0000000000e+00
1.2000000000e+01 -1.0000000000e+00 5.1304000000e-02 1.7770000000e+03 0.0000000000e+00 1.0000000000e+00 0.0000000000e+00
8.0000000000e+00 -1.0000000000e+00 6.5650000000e-03 7.9300000000e+03 0.0000000000e+00 1.0000000000e+00 0.0000000000e+00
8.0000000000e+00 1.5000000000e+01 4.7731000000e-02 1.1430000000e+04 2.4680000000e+03 1.0000000000e+00 1.0000000000e+00
2.6060000000e+01 1.6000000000e+01 8.1870000000e-03 2.5241000000e+04 2.7690000000e+03 2.0000000000e+00 1.0000000000e+00
2.0000000000e+00 1.0000000000e+01 3.7020000000e-02 8.7810000000e+03 5.0700000000e+02 1.0000000000e+00 1.0000000000e+00
1.3070000000e+01 1.0910000000e+01 3.9734000000e-02 4.2351000000e+04 2.4543000000e+04 2.0000000000e+00 3.0000000000e+00
4.0000000000e+00 -1.0000000000e+00 5.2464000000e-02 7.2600000000e+02 0.0000000000e+00 1.0000000000e+00 0.0000000000e+00
3.1000000000e+01 -1.0000000000e+00 5.3452000000e-02 1.3490000000e+03 0.0000000000e+00 1.0000000000e+00 0.0000000000e+00
1.4000000000e+01 -1.0000000000e+00 8.3970000000e-03 2.7987000000e+04 0.0000000000e+00 1.0000000000e+00 0.0000000000e+00
1.9000000000e+01 1.4390000000e+01 2.6993000000e-02 1.8958000000e+04 7.9250000000e+03 1.0000000000e+00 2.0000000000e+00
1.9000000000e+01 1.6450000000e+01 1.1449000000e-02 2.5515000000e+04 9.8360000000e+03 1.0000000000e+00 2.0000000000e+00
1.9000000000e+01 -1.0000000000e+00 3.6684000000e-02 2.2684000000e+04 0.0000000000e+00 1.0000000000e+00 0.0000000000e+00
2.0000000000e+00 1.3660000000e+01 3.8295000000e-02 2.2936000000e+04 6.3830000000e+03 1.0000000000e+00 3.0000000000e+00
3.1000000000e+01 -1.0000000000e+00 3.9978000000e-02 5.9800000000e+02 0.0000000000e+00 1.0000000000e+00 0.0000000000e+00
2.0000000000e+00 -1.0000000000e+00 6.7530000000e-03 1.5600000000e+02 0.0000000000e+00 1.0000000000e+00 0.0000000000e+00
2.0000000000e+00 -1.0000000000e+00 3.6773000000e-02 2.3391000000e+04 0.0000000000e+00 1.0000000000e+00 0.0000000000e+00
1.3000000000e+01 1.0280000000e+01 4.1950000000e-02 1.7127000000e+04 7.1740000000e+03 1.0000000000e+00 2.0000000000e+00
7.0000000000e+00 2.1440000000e+01 6.6460000000e-03 2.7438000000e+04 1.1456000000e+04 1.0000000000e+00 2.0000000000e+00
1.9690000000e+01 2.0160000000e+01 1.2128000000e-02 3.4694000000e+04 1.6186000000e+04 2.0000000000e+00 3.0000000000e+00
2.0000000000e+01 2.0560000000e+01 2.5755000000e-02 2.0073000000e+04 8.0960000000e+03 1.0000000000e+00 2.0000000000e+00
3.1000000000e+01 -1.0000000000e+00 3.0634000000e-02 1.2260000000e+03 0.0000000000e+00 1.0000000000e+00 0.0000000000e+00
1.3000000000e+01 -1.0000000000e+00 3.3492000000e-02 8.4800000000e+02 0.0000000000e+00 1.0000000000e+00 0.0000000000e+00
2.0000000000e+01 -1.0000000000e+00 3.9864000000e-02 2.0384000000e+04 0.0000000000e+00 1.0000000000e+00 0.0000000000e+00
7.2600000000e+00 1.6000000000e+01 4.7080000000e-02 3.7370000000e+04 4.4160000000e+03 2.0000000000e+00 1.0000000000e+00
1.4000000000e+01 -1.0000000000e+00 8.9300000000e-04 3.8800000000e+02 0.0000000000e+00 1.0000000000e+00 0.0000000000e+00
6.9200000000e+00 -1.0000000000e+00 9.7560000000e-03 1.8491000000e+04 0.0000000000e+00 2.0000000000e+00 0.0000000000e+00
2.0000000000e+01 2.2780000000e+01 7.7620000000e-03 2.1376000000e+04 7.5110000000e+03 1.0000000000e+00 2.0000000000e+00
1.9560000000e+01 -1.0000000000e+00 3.8648000000e-02 3.7586000000e+04 0.0000000000e+00 2.0000000000e+00 0.0000000000e+00
8.0000000000e+00 -1.0000000000e+00 3.9196000000e-02 1.6399000000e+04 0.0000000000e+00 1.0000000000e+00 0.0000000000e+00
1.3550000000e+01 -1.0000000000e+00 7.0670000000e-03 1.4660000000e+04 0.0000000000e+00 2.0000000000e+00 0.0000000000e+00
1.3100000000e+01 -1.0000000000e+00 4.3045000000e-02 1.7074000000e+04 0.0000000000e+00 2.0000000000e+00 0.0000000000e+00
2.6000000000e+01 -1.0000000000e+00 3.8407000000e-02 1.0380000000e+03 0.0000000000e+00 1.0000000000e+00 0.0000000000e+00
3.1000000000e+01 -1.0000000000e+00 5.9176000000e-02 7.5900000000e+02 0.0000000000e+00 1.0000000000e+00 0.0000000000e+00
3.1000000000e+01 -1.0000000000e+00 2.9944000000e-02 1.5870000000e+03 0.0000000000e+00 1.0000000000e+00 0.0000000000e+00
3.1000000000e+01 -1.0000000000e+00 4.8643000000e-02 1.4010000000e+03 0.0000000000e+00 1.0000000000e+00 0.0000000000e+00
1.3000000000e+01 -1.0000000000e+00 6.7990000000e-03 3.6830000000e+03 0.0000000000e+00 1.0000000000e+00 0.0000000000e+00
3.1000000000e+01 -1.0000000000e+00 3.0096000000e-02 1.2080000000e+03 0.0000000000e+00 1.0000000000e+00 0.0000000000e+00
2.5540000000e+01 5.9100000000e+00 3.9857000000e-02 2.1322000000e+04 7.7680000000e+03 2.0000000000e+00 3.0000000000e+00
2.6000000000e+01 -1.0000000000e+00 1.3143000000e-02 3.0518000000e+04 0.0000000000e+00 1.0000000000e+00 0.0000000000e+00
1.9000000000e+01 1.2430000000e+01 3.9078000000e-02 2.3505000000e+04 9.0960000000e+03 1.0000000000e+00 2.0000000000e+00
1.3320000000e+01 9.8300000000e+00 5.5950000000e-02 1.7146000000e+04 6.3550000000e+03 2.0000000000e+00 2.0000000000e+00
2.7000000000e+01 -1.0000000000e+00 1.7094000000e-02 4.3300000000e+02 0.0000000000e+00 1.0000000000e+00 0.0000000000e+00
1.4000000000e+01 2.1710000000e+01 4.2987000000e-02 2.8228000000e+04 1.5903000000e+04 1.0000000000e+00 3.0000000000e+00
1.5000000000e+01 -1.0000000000e+00 4.2991000000e-02 3.8880000000e+03 0.0000000000e+00 1.0000000000e+00 0.0000000000e+00
3.1000000000e+01 -1.0000000000e+00 8.4630000000e-03 1.3050000000e+03 0.0000000000e+00 1.0000000000e+00 0.0000000000e+00
1.9940000000e+01 3.7600000000e+00 2.3676000000e-02 4.1073000000e+04 2.1657000000e+04 2.0000000000e+00 3.0000000000e+00
1.0000000000e+01 -1.0000000000e+00 3.6565000000e-02 1.8000000000e+01 0.0000000000e+00 1.0000000000e+00 0.0000000000e+00
2.0000000000e+00 1.2960000000e+01 3.9400000000e-02 1.8574000000e+04 6.3700000000e+03 1.0000000000e+00 3.0000000000e+00
2.0000000000e+00 2.1230000000e+01 3.9855000000e-02 4.0791000000e+04 1.5182000000e+04 1.0000000000e+00 3.0000000000e+00
1.0500000000e+00 -1.0000000000e+00 5.2790000000e-02 1.1821000000e+04 0.0000000000e+00 2.0000000000e+00 0.0000000000e+00
1.4000000000e+01 1.4000000000e+01 7.6110000000e-03 1.0220000000e+04 2.9640000000e+03 1.0000000000e+00 1.0000000000e+00
8.0000000000e+00 -1.0000000000e+00 4.1794000000e-02 1.6555000000e+04 0.0000000000e+00 1.0000000000e+00 0.0000000000e+00
2.0000000000e+01 -1.0000000000e+00 1.3605000000e-02 6.9500000000e+02 0.0000000000e+00 1.0000000000e+00 0.0000000000e+00
3.1000000000e+01 -1.0000000000e+00 2.5130000000e-02 4.6080000000e+03 0.0000000000e+00 1.0000000000e+00 0.0000000000e+00
1.0000000000e+00 8.8100000000e+00 4.0396000000e-02 2.4357000000e+04 7.9120000000e+03 1.0000000000e+00 3.0000000000e+00
4.0000000000e+00 -1.0000000000e+00 5.0108000000e-02 1.4210000000e+03 0.0000000000e+00 1.0000000000e+00 0.0000000000e+00
3.1000000000e+01 -1.0000000000e+00 5.1900000000e-02 1.0530000000e+03 0.0000000000e+00 1.0000000000e+00 0.0000000000e+00
1.8580000000e+01 -1.0000000000e+00 9.6620000000e-03 3.4452000000e+04 0.0000000000e+00 2.0000000000e+00 0.0000000000e+00
8.0000000000e+00 -1.0000000000e+00 1.3171000000e-02 7.7400000000e+02 0.0000000000e+00 1.0000000000e+00 0.0000000000e+00
2.0000000000e+00 -1.0000000000e+00 1.4015000000e-02 1.6483000000e+04 0.0000000000e+00 1.0000000000e+00 0.0000000000e+00
1.4000000000e+01 -1.0000000000e+00 3.6441000000e-02 2.0223000000e+04 0.0000000000e+00 1.0000000000e+00 0.0000000000e+00
3.1000000000e+01 1.4000000000e+01 3.5675000000e-02 4.5710000000e+03 1.0680000000e+03 1.0000000000e+00 1.0000000000e+00
