7.3266720000e-03 3.1000000000e+01 1.2710000000e+03
3.6070320000e-02 4.2000000000e+01 6.1660000000e+03
3.6070416000e-02 4.1000000000e+01 4.3720000000e+03
3.6885552000e-02 5.0000000000e+00 2.4630000000e+03
3.9937328000e-02 2.3000000000e+01 9.0300000000e+02
4.3141696000e-02 1.7000000000e+01 8.1420000000e+03
8.9136640000e-03 5.0000000000e+01 1.4130000000e+03
9.6264480000e-03 1.0000000000e+01 1.7784000000e+04
9.6268160000e-03 9.0000000000e+00 2.8940000000e+03
9.6268480000e-03 4.1000000000e+01 4.1860000000e+03
3.6069888000e-02 5.0000000000e+00 2.8684000000e+04
3.6070128000e-02 4.0000000000e+00 7.1740000000e+03
4.1417072000e-02 5.0000000000e+00 1.0119000000e+04
4.4426192000e-02 5.3000000000e+01 3.3480000000e+03
4.4426304000e-02 5.2000000000e+01 2.9320000000e+03
8.9127040000e-03 1.1000000000e+01 5.6950000000e+03
8.9127520000e-03 1.0000000000e+01 5.2300000000e+03
9.3339040000e-03 2.3000000000e+01 1.3059000000e+04
9.3339520000e-03 2.2000000000e+01 6.6920000000e+03
9.3344800000e-03 4.6000000000e+01 4.4040000000e+03
9.3348000000e-03 4.7000000000e+01 1.3780000000e+03
4.4425648000e-02 2.3000000000e+01 2.0550000000e+04
3.8145328000e-02 2.3000000000e+01 8.4200000000e+03
1.2175184000e-02 4.1000000000e+01 5.3920000000e+03
1.2175264000e-02 4.2000000000e+01 4.5560000000e+03
1.7178208000e-02 2.2000000000e+01 6.1350000000e+03
3.8324736000e-02 4.5000000000e+01 2.6320000000e+03
3.8512672000e-02 1.1000000000e+01 7.8590000000e+03
4.0969712000e-02 2.3000000000e+01 2.7540000000e+04
4.0969936000e-02 2.2000000000e+01 2.0080000000e+03
4.0970112000e-02 5.4000000000e+01 6.3660000000e+03
4.0970576000e-02 5.3000000000e+01 2.5980000000e+03
4.1239632000e-02 4.0000000000e+01 2.9080000000e+03
4.4459024000e-02 4.7000000000e+01 5.7380000000e+03
4.4459472000e-02 4.6000000000e+01 2.5280000000e+03
1.2174720000e-02 1.7000000000e+01 3.3099000000e+04
1.5775040000e-02 1.0000000000e+01 1.8605000000e+04
1.5775632000e-02 5.1000000000e+01 3.3980000000e+03
3.7337008000e-02 4.8000000000e+01 6.6260000000e+03
3.7337104000e-02 4.7000000000e+01 5.1380000000e+03
3.8324080000e-02 2.9000000000e+01 1.5117000000e+04
4.1238928000e-02 4.0000000000e+00 2.9638000000e+04
4.1239408000e-02 3.9000000000e+01 4.3990000000e+03
4.4458672000e-02 5.0000000000e+00 2.8831000000e+04
4.7900448000e-02 1.7000000000e+01 1.3590000000e+04
4.7901136000e-02 5.6000000000e+01 2.9170000000e+03
1.4703904000e-02 2.7000000000e+01 1.4424000000e+04
1.5665168000e-02 5.0000000000e+00 1.1644000000e+04
1.5665376000e-02 4.0000000000e+00 3.5500000000e+03
1.5665952000e-02 4.0000000000e+01 2.1040000000e+03
3.7336608000e-02 2.3000000000e+01 3.6789000000e+04
6.3416960000e-03 2.3000000000e+01 2.8539000000e+04
6.3418720000e-03 2.2000000000e+01 3.4030000000e+03
1.0371536000e-02 2.4000000000e+01 2.3844000000e+04
1.0372352000e-02 4.9000000000e+01 2.9900000000e+03
1.0372368000e-02 5.0000000000e+01 2.7180000000e+03
1.4704960000e-02 4.3000000000e+01 1.3570000000e+03
3.7151776000e-02 1.6000000000e+01 2.0824000000e+04
3.8865328000e-02 3.1000000000e+01 6.2500000000e+02
4.1070016000e-02 1.3000000000e+01 1.5492000000e+04
4.1070768000e-02 4.0000000000e+01 2.6790000000e+03
6.3420800000e-03 4.2000000000e+01 6.5780000000e+03
6.3424480000e-03 4.1000000000e+01 2.9700000000e+03
7.5911520000e-03 3.0000000000e+01 1.1944000000e+04
7.5912160000e-03 2.9000000000e+01 1.2104000000e+04
7.5915680000e-03 4.1000000000e+01 4.4030000000e+03
7.5917920000e-03 4.0000000000e+01 2.7820000000e+03
1.3011328000e-02 2.3000000000e+01 6.9810000000e+03
3.7152336000e-02 4.2000000000e+01 3.6050000000e+03
4.5155136000e-02 1.0000000000e+01 2.0872000000e+04
4.5155712000e-02 4.0000000000e+01 3.5700000000e+03
4.5156336000e-02 3.9000000000e+01 1.1490000000e+03
5.0829312000e-02 2.4000000000e+01 2.6137000000e+04
5.0829552000e-02 2.5000000000e+01 2.8080000000e+03
5.0829840000e-02 2.3000000000e+01 2.2610000000e+03
1.3012144000e-02 4.7000000000e+01 1.1990000000e+03
4.2153712000e-02 0.0000000000e+00 2.7678000000e+04
4.2154752000e-02 4.8000000000e+01 1.4860000000e+03
5.0829696000e-02 4.3000000000e+01 6.4690000000e+03
5.0829984000e-02 4.4000000000e+01 3.2860000000e+03
5.0830496000e-02 4.2000000000e+01 1.0700000000e+03
1.0094032000e-02 5.0000000000e+00 1.5337000000e+04
1.0094880000e-02 4.6000000000e+01 2.5450000000e+03
1.0095344000e-02 4.7000000000e+01 4.8700000000e+02
1.2759200000e-02 4.6000000000e+01 5.5400000000e+03
1.2759504000e-02 4.7000000000e+01 1.5950000000e+03
2.3395312000e-02 3.1000000000e+01 1.8270000000e+03
3.9325440000e-02 1.1000000000e+01 5.0420000000e+03
9.7707200000e-03 3.0000000000e+01 1.4300000000e+04
9.7707200000e-03 2.9000000000e+01 1.7098000000e+04
9.7710080000e-03 4.5000000000e+01 6.2570000000e+03
9.7714560000e-03 4.6000000000e+01 2.7150000000e+03
9.7717600000e-03 4.4000000000e+01 1.6040000000e+03
1.2145168000e-02 5.2000000000e+01 3.0030000000e+03
1.2145264000e-02 5.3000000000e+01 2.4940000000e+03
1.2758736000e-02 1.0000000000e+01 2.2742000000e+04
1.2759008000e-02 1.1000000000e+01 3.9720000000e+03
4.8387056000e-02 3.1000000000e+01 2.0980000000e+03
8.1688480000e-03 4.0000000000e+01 3.9690000000e+03
8.1690080000e-03 4.1000000000e+01 3.1870000000e+03
1.2144480000e-02 2.4000000000e+01 1.4902000000e+04
1.2144768000e-02 2.3000000000e+01 2.7810000000e+03
4.1911344000e-02 4.2000000000e+01 3.6200000000e+03
4.4080384000e-02 2.3000000000e+01 7.6580000000e+03
8.1683200000e-03 2.3000000000e+01 2.5267000000e+04
3.8797968000e-02 8.0000000000e+00 2.5860000000e+03
3.9081904000e-02 5.7000000000e+01 5.8660000000e+03
3.9082144000e-02 5.8000000000e+01 3.5380000000e+03
3.9502096000e-02 1.2000000000e+01 1.4857000000e+04
3.9502128000e-02 1.1000000000e+01 1.8691000000e+04
3.9502512000e-02 4.9000000000e+01 7.1100000000e+03
3.9502672000e-02 4.8000000000e+01 3.6250000000e+03
4.1910768000e-02 1.1000000000e+01 1.8393000000e+04
9.0880800000e-03 4.7000000000e+01 6.8160000000e+03
9.0881760000e-03 4.8000000000e+01 5.5010000000e+03
2.1540464000e-02 2.0000000000e+00 6.0100000000e+02
3.9081520000e-02 1.1000000000e+01 2.9037000000e+04
4.5104832000e-02 4.0000000000e+01 5.0690000000e+03
9.0877920000e-03 9.0000000000e+00 1.7111000000e+04
9.0878080000e-03 1.0000000000e+01 1.9229000000e+04
1.6272336000e-02 1.0000000000e+00 3.0200000000e+02
5.2242592000e-02 2.1000000000e+01 5.7100000000e+02
2.2091328000e-02 3.1000000000e+01 1.9870000000e+03
4.1431008000e-02 1.7000000000e+01 2.0256000000e+04
4.5104400000e-02 1.0000000000e+01 2.2270000000e+04
4.5104544000e-02 1.1000000000e+01 9.1290000000e+03
4.5104896000e-02 4.1000000000e+01 4.2730000000e+03
9.3073440000e-03 2.3000000000e+01 3.5151000000e+04
9.3076000000e-03 2.2000000000e+01 8.7400000000e+02
4.1431584000e-02 4.2000000000e+01 3.7060000000e+03
4.1684912000e-02 1.6000000000e+01 1.7108000000e+04
9.3077280000e-03 4.4000000000e+01 6.9700000000e+03
9.3079840000e-03 4.5000000000e+01 3.7230000000e+03
9.3081120000e-03 4.3000000000e+01 2.8930000000e+03
4.1684880000e-02 1.5000000000e+01 1.3109000000e+04
4.1685184000e-02 4.5000000000e+01 5.9040000000e+03
4.1685552000e-02 4.4000000000e+01 3.0990000000e+03
4.2863824000e-02 3.1000000000e+01 2.9600000000e+03
8.5300800000e-03 1.0000000000e+01 1.7653000000e+04
8.5300960000e-03 1.1000000000e+01 2.4848000000e+04
8.5304160000e-03 4.5000000000e+01 7.3470000000e+03
8.5306080000e-03 4.6000000000e+01 5.7480000000e+03
8.5313120000e-03 4.7000000000e+01 7.2600000000e+02
8.5314240000e-03 4.4000000000e+01 1.0860000000e+03
8.7885440000e-03 1.1000000000e+01 3.2987000000e+04
8.7929920000e-03 1.0000000000e+01 4.7690000000e+03
1.1722896000e-02 2.3000000000e+01 2.0138000000e+04
1.1723520000e-02 4.3000000000e+01 3.5760000000e+03
1.2260272000e-02 3.1000000000e+01 3.0390000000e+03
3.8424176000e-02 1.8000000000e+01 2.1481000000e+04
7.2560000000e-03 1.7000000000e+01 3.3537000000e+04
7.2563040000e-03 1.6000000000e+01 1.8100000000e+02
8.7889920000e-03 4.0000000000e+01 5.8080000000e+03
8.7892160000e-03 4.1000000000e+01 3.7970000000e+03
3.8424688000e-02 5.3000000000e+01 3.5120000000e+03
3.8424976000e-02 5.2000000000e+01 2.3250000000e+03
3.9824336000e-02 1.7000000000e+01 2.8744000000e+04
3.9824624000e-02 1.6000000000e+01 1.2110000000e+03
7.2564000000e-03 4.8000000000e+01 7.1220000000e+03
7.2564960000e-03 4.7000000000e+01 4.8720000000e+03
7.2569920000e-03 4.9000000000e+01 2.3910000000e+03
7.8064800000e-03 1.1000000000e+01 3.2166000000e+04
7.8066560000e-03 1.2000000000e+01 5.5580000000e+03
7.8068320000e-03 4.8000000000e+01 6.6060000000e+03
7.8109920000e-03 1.0000000000e+01 4.3860000000e+03
9.2599840000e-03 5.0000000000e+00 7.8920000000e+03
1.7524400000e-02 1.7000000000e+01 6.0680000000e+03
3.9824752000e-02 4.3000000000e+01 5.8980000000e+03
3.9825136000e-02 4.2000000000e+01 2.4880000000e+03
3.9825536000e-02 4.4000000000e+01 1.3080000000e+03
5.0165744000e-02 2.9000000000e+01 2.1837000000e+04
5.0165760000e-02 2.8000000000e+01 1.3611000000e+04
5.0166064000e-02 4.5000000000e+01 6.8020000000e+03
5.0166464000e-02 4.6000000000e+01 3.4290000000e+03
5.0166832000e-02 4.4000000000e+01 1.5390000000e+03
7.8068800000e-03 4.7000000000e+01 5.1730000000e+03
8.6367040000e-03 2.2000000000e+01 3.1866000000e+04
8.6369920000e-03 2.3000000000e+01 3.0710000000e+03
8.6370080000e-03 4.7000000000e+01 7.2890000000e+03
8.6373120000e-03 4.6000000000e+01 3.8060000000e+03
1.5439072000e-02 2.2000000000e+01 1.0503000000e+04
1.5439120000e-02 2.3000000000e+01 9.1250000000e+03
1.5439728000e-02 4.0000000000e+01 2.5130000000e+03
3.6950080000e-02 4.1000000000e+01 1.2560000000e+03
3.8004640000e-02 4.3000000000e+01 1.1230000000e+03
4.5084528000e-02 3.1000000000e+01 2.6290000000e+03
1.1710160000e-02 2.9000000000e+01 1.9765000000e+04
1.5439696000e-02 3.9000000000e+01 3.0050000000e+03
3.6949088000e-02 4.0000000000e+00 1.1356000000e+04
3.8003552000e-02 5.0000000000e+00 1.2000000000e+04
4.1868368000e-02 5.0000000000e+00 2.0741000000e+04
4.3066144000e-02 3.1000000000e+01 1.6300000000e+03
3.1405280000e-03 5.0000000000e+00 6.2160000000e+03
8.1876960000e-03 2.3000000000e+01 1.2443000000e+04
1.1710768000e-02 3.8000000000e+01 3.6200000000e+03
1.2363024000e-02 0.0000000000e+00 9.8970000000e+03
1.3497472000e-02 2.3000000000e+01 7.4270000000e+03
1.3497888000e-02 3.9000000000e+01 4.1570000000e+03
4.1868816000e-02 4.7000000000e+01 3.5910000000e+03
4.1869136000e-02 4.8000000000e+01 2.4640000000e+03
4.2354640000e-02 2.5000000000e+01 1.7534000000e+04
4.2355504000e-02 4.6000000000e+01 2.6850000000e+03
4.4389920000e-02 3.1000000000e+01 1.3100000000e+03
8.1887680000e-03 5.5000000000e+01 1.4770000000e+03
1.3497392000e-02 2.4000000000e+01 1.4920000000e+04
1.3498368000e-02 4.0000000000e+01 1.8120000000e+03
4.2234592000e-02 5.5000000000e+01 7.2230000000e+03
4.2235488000e-02 5.4000000000e+01 9.6200000000e+02
4.7946528000e-02 3.1000000000e+01 1.2180000000e+03
1.1272832000e-02 5.0000000000e+00 2.3537000000e+04
1.1273392000e-02 4.8000000000e+01 3.8350000000e+03
1.1273824000e-02 4.7000000000e+01 1.3430000000e+03
1.2223952000e-02 4.4000000000e+01 5.0380000000e+03
1.2224048000e-02 4.5000000000e+01 3.9300000000e+03
1.5250656000e-02 1.0000000000e+01 2.5097000000e+04
1.5250752000e-02 9.0000000000e+00 1.0040000000e+04
1.5251040000e-02 5.0000000000e+01 7.2100000000e+03
1.5251440000e-02 5.1000000000e+01 2.9240000000e+03
1.5251888000e-02 4.9000000000e+01 1.4000000000e+03
3.6868112000e-02 0.0000000000e+00 1.5550000000e+04
4.2158592000e-02 5.4000000000e+01 3.7630000000e+03
4.2234176000e-02 2.4000000000e+01 3.7348000000e+04
4.2234624000e-02 5.6000000000e+01 6.7820000000e+03
4.2237952000e-02 2.3000000000e+01 4.0580000000e+03
4.2239088000e-02 2.5000000000e+01 3.7350000000e+03
4.2755344000e-02 1.2000000000e+01 1.1264000000e+04
4.2755344000e-02 1.1000000000e+01 1.6654000000e+04
4.2755712000e-02 4.1000000000e+01 5.6730000000e+03
4.2756272000e-02 4.0000000000e+01 2.0100000000e+03
4.4065264000e-02 5.1000000000e+01 7.5050000000e+03
4.4065712000e-02 5.2000000000e+01 2.8220000000e+03
4.4066096000e-02 5.0000000000e+01 1.4750000000e+03
6.7510240000e-03 4.0000000000e+00 7.9500000000e+02
6.7511840000e-03 5.0000000000e+00 8.2000000000e+01
8.0520640000e-03 4.4000000000e+01 4.1180000000e+03
8.0524160000e-03 4.3000000000e+01 2.1230000000e+03
1.2223504000e-02 2.4000000000e+01 2.2037000000e+04
1.2223632000e-02 2.3000000000e+01 6.8420000000e+03
1.5972256000e-02 3.1000000000e+01 2.5520000000e+03
4.2158128000e-02 2.4000000000e+01 1.2075000000e+04
4.2158224000e-02 2.3000000000e+01 5.6340000000e+03
4.4064976000e-02 7.0000000000e+00 2.8823000000e+04
4.4065120000e-02 6.0000000000e+00 6.2930000000e+03
8.0515520000e-03 1.7000000000e+01 2.4683000000e+04
3.9280624000e-02 1.1000000000e+01 1.9379000000e+04
4.0632528000e-02 2.0000000000e+00 8.2450000000e+03
4.6378944000e-02 1.7000000000e+01 1.7549000000e+04
4.6379152000e-02 1.6000000000e+01 3.1650000000e+03
4.6379392000e-02 5.0000000000e+01 4.0780000000e+03
4.6379744000e-02 4.9000000000e+01 1.9310000000e+03
1.1073808000e-02 4.0000000000e+00 2.1448000000e+04
1.1074144000e-02 5.0000000000e+00 3.4230000000e+03
1.1074288000e-02 5.1000000000e+01 4.6700000000e+03
1.3641168000e-02 5.0000000000e+00 8.0160000000e+03
1.5337856000e-02 2.2000000000e+01 9.9680000000e+03
1.5338784000e-02 4.7000000000e+01 1.4670000000e+03
3.0076352000e-02 3.1000000000e+01 1.4430000000e+03
3.8234752000e-02 1.7000000000e+01 4.5830000000e+03
3.9281312000e-02 4.1000000000e+01 2.7380000000e+03
3.9281472000e-02 4.0000000000e+01 2.1410000000e+03
4.4756320000e-02 3.1000000000e+01 2.1180000000e+03
1.6710592000e-02 2.3000000000e+01 3.8140000000e+04
1.6710944000e-02 4.4000000000e+01 7.2140000000e+03
1.6711216000e-02 4.5000000000e+01 3.1410000000e+03
1.6711312000e-02 4.3000000000e+01 3.2570000000e+03
3.9267488000e-02 2.9000000000e+01 2.1247000000e+04
3.9268080000e-02 4.2000000000e+01 3.4150000000e+03
3.9268752000e-02 4.3000000000e+01 1.0220000000e+03
4.2698160000e-02 1.7000000000e+01 3.1269000000e+04
4.2698544000e-02 5.8000000000e+01 6.7230000000e+03
4.2698944000e-02 5.7000000000e+01 2.6630000000e+03
4.2698992000e-02 5.9000000000e+01 2.3220000000e+03
4.2702592000e-02 1.6000000000e+01 4.2070000000e+03
6.3903200000e-03 1.1000000000e+01 2.7552000000e+04
6.3903360000e-03 1.0000000000e+01 1.2530000000e+04
6.3906400000e-03 5.3000000000e+01 7.8820000000e+03
6.3907840000e-03 5.2000000000e+01 5.2950000000e+03
1.3641264000e-02 6.0000000000e+00 5.2110000000e+03
1.3641888000e-02 4.7000000000e+01 1.8120000000e+03
3.6094544000e-02 2.8000000000e+01 1.2818000000e+04
3.6094560000e-02 2.9000000000e+01 8.8910000000e+03
3.6094896000e-02 4.1000000000e+01 4.5300000000e+03
3.8997632000e-02 1.7000000000e+01 2.3000000000e+03
4.0568016000e-02 5.0000000000e+00 1.0392000000e+04
4.0568304000e-02 4.0000000000e+00 2.8000000000e+03
4.2941392000e-02 4.8000000000e+01 4.7270000000e+03
4.4211072000e-02 5.0000000000e+00 2.7042000000e+04
5.5879072000e-02 3.1000000000e+01 1.1290000000e+03
1.2604288000e-02 1.8000000000e+01 9.8970000000e+03
1.2604336000e-02 1.7000000000e+01 1.0157000000e+04
1.2604864000e-02 4.4000000000e+01 3.2330000000e+03
1.2604944000e-02 4.3000000000e+01 2.8820000000e+03
1.3745520000e-02 2.5000000000e+01 5.0970000000e+03
4.0569248000e-02 3.9000000000e+01 9.3700000000e+02
4.2941008000e-02 2.3000000000e+01 3.0104000000e+04
4.2941408000e-02 4.7000000000e+01 3.5680000000e+03
4.2945712000e-02 2.2000000000e+01 4.0470000000e+03
4.4211520000e-02 4.5000000000e+01 4.1780000000e+03
4.4211632000e-02 4.4000000000e+01 3.4630000000e+03
9.9974400000e-03 3.1000000000e+01 1.4890000000e+03
1.0473600000e-02 1.7000000000e+01 1.4464000000e+04
1.3927696000e-02 2.6000000000e+01 2.3737000000e+04
1.3927744000e-02 2.5000000000e+01 1.2942000000e+04
1.3928000000e-02 4.8000000000e+01 6.4400000000e+03
1.3928064000e-02 4.7000000000e+01 3.8780000000e+03
1.3928560000e-02 4.9000000000e+01 1.8200000000e+03
1.8320000000e-02 4.2000000000e+01 6.1440000000e+03
1.8320224000e-02 4.1000000000e+01 3.7040000000e+03
4.5795232000e-02 3.1000000000e+01 2.7700000000e+02
5.4370176000e-02 2.3000000000e+01 4.9200000000e+02
9.7856000000e-03 1.7000000000e+01 1.5153000000e+04
9.7856480000e-03 1.8000000000e+01 7.8580000000e+03
1.0474320000e-02 5.2000000000e+01 2.2830000000e+03
1.4665472000e-02 1.3000000000e+01 2.6300000000e+02
1.8319616000e-02 1.0000000000e+01 2.0007000000e+04
1.8319664000e-02 1.1000000000e+01 1.4166000000e+04
8.9490400000e-03 5.0000000000e+00 3.1653000000e+04
9.7860480000e-03 5.2000000000e+01 4.6960000000e+03
9.7863360000e-03 5.3000000000e+01 2.5270000000e+03
8.9495200000e-03 5.1000000000e+01 4.9750000000e+03
8.9496640000e-03 5.0000000000e+01 3.7300000000e+03
1.5427552000e-02 1.7000000000e+01 1.1526000000e+04
4.1247248000e-02 1.1000000000e+01 1.8406000000e+04
4.1247872000e-02 4.7000000000e+01 2.7690000000e+03
4.1248096000e-02 4.8000000000e+01 2.1180000000e+03
7.9423360000e-03 3.0000000000e+01 1.5263000000e+04
7.9424800000e-03 2.9000000000e+01 9.9640000000e+03
7.9427520000e-03 3.8000000000e+01 5.2910000000e+03
8.4446240000e-03 2.3000000000e+01 1.4730000000e+04
8.4450560000e-03 2.2000000000e+01 6.0800000000e+02
8.4453920000e-03 4.3000000000e+01 2.4320000000e+03
9.4098080000e-03 1.0000000000e+00 6.5630000000e+03
1.0562512000e-02 1.0000000000e+01 2.0281000000e+04
1.0562816000e-02 1.1000000000e+01 3.2620000000e+03
1.0563040000e-02 4.5000000000e+01 3.4910000000e+03
1.0563104000e-02 4.6000000000e+01 3.7790000000e+03
3.0290368000e-02 2.8000000000e+01 1.1161000000e+04
3.9991408000e-02 4.0000000000e+00 3.2885000000e+04
3.9991840000e-02 4.5000000000e+01 5.6360000000e+03
3.9992160000e-02 4.6000000000e+01 3.4390000000e+03
3.9992720000e-02 4.4000000000e+01 1.1320000000e+03
4.0425728000e-02 2.3000000000e+01 9.5650000000e+03
1.3158400000e-02 6.0000000000e+00 8.1300000000e+03
1.3158592000e-02 5.0000000000e+00 4.6850000000e+03
3.0291312000e-02 4.1000000000e+01 1.6180000000e+03
1.3159056000e-02 4.7000000000e+01 2.2570000000e+03
4.4116144000e-02 2.3000000000e+01 1.9753000000e+04
4.4116640000e-02 5.0000000000e+01 3.7290000000e+03
4.4487632000e-02 4.5000000000e+01 1.1390000000e+03
5.6328400000e-02 2.0000000000e+01 1.4600000000e+02
4.0178384000e-02 1.7000000000e+01 4.8200000000e+03
4.0200432000e-02 4.7000000000e+01 3.3390000000e+03
4.0200448000e-02 4.6000000000e+01 4.3490000000e+03
4.4486608000e-02 5.0000000000e+00 1.1039000000e+04
4.0199824000e-02 5.0000000000e+00 2.2575000000e+04
4.0200000000e-02 4.0000000000e+00 5.5180000000e+03
3.1512496000e-02 0.0000000000e+00 2.1290000000e+03
4.0465712000e-02 2.6000000000e+01 1.6350000000e+04
4.0466288000e-02 4.1000000000e+01 3.6310000000e+03
4.5262864000e-02 2.3000000000e+01 5.0940000000e+03
5.4725440000e-02 1.1000000000e+01 1.9779000000e+04
5.4725920000e-02 5.4000000000e+01 4.0280000000e+03
9.5417760000e-03 3.1000000000e+01 1.7420000000e+03
3.9833968000e-02 1.0000000000e+01 7.2920000000e+03
4.0981056000e-02 1.1000000000e+01 5.0060000000e+03
5.7563808000e-02 3.1000000000e+01 2.4940000000e+03
1.0389920000e-03 3.1000000000e+01 1.0710000000e+03
4.3768896000e-02 2.3000000000e+01 2.7676000000e+04
4.3769104000e-02 2.4000000000e+01 1.0094000000e+04
4.3769312000e-02 4.8000000000e+01 6.9120000000e+03
4.3773584000e-02 2.2000000000e+01 3.7660000000e+03
4.5325840000e-02 4.0000000000e+00 1.5228000000e+04
4.5326384000e-02 5.0000000000e+00 7.3900000000e+02
4.5326576000e-02 4.6000000000e+01 2.5890000000e+03
8.1326560000e-03 2.3000000000e+01 1.3300000000e+03
3.7635040000e-02 1.6000000000e+01 1.3036000000e+04
3.9579392000e-02 2.3000000000e+01 2.3427000000e+04
4.3769456000e-02 4.7000000000e+01 4.9570000000e+03
3.9579952000e-02 4.2000000000e+01 3.6290000000e+03
3.9580272000e-02 4.1000000000e+01 2.0220000000e+03
4.0515872000e-02 3.0000000000e+01 1.4986000000e+04
4.0515920000e-02 2.9000000000e+01 1.2307000000e+04
4.0516384000e-02 4.6000000000e+01 5.6610000000e+03
4.0516560000e-02 4.7000000000e+01 3.0050000000e+03
4.2641280000e-02 4.4000000000e+01 6.2490000000e+03
2.8084208000e-02 2.9000000000e+01 6.3240000000e+03
3.9504688000e-02 2.3000000000e+01 6.9120000000e+03
4.0386128000e-02 4.0000000000e+00 2.9721000000e+04
4.0386544000e-02 5.6000000000e+01 6.0780000000e+03
4.0386944000e-02 5.5000000000e+01 2.6270000000e+03
4.0387120000e-02 3.0000000000e+00 2.6900000000e+02
4.0387200000e-02 5.7000000000e+01 1.4300000000e+03
4.5865072000e-02 1.2000000000e+01 1.9350000000e+03
3.8310608000e-02 2.2000000000e+01 1.3875000000e+04
3.8310656000e-02 2.3000000000e+01 1.1558000000e+04
4.2640928000e-02 1.0000000000e+01 1.4281000000e+04
4.2640960000e-02 1.1000000000e+01 1.7802000000e+04
4.2641632000e-02 4.3000000000e+01 2.9050000000e+03
4.2642048000e-02 4.5000000000e+01 1.1280000000e+03
6.6769440000e-03 1.1000000000e+01 1.3903000000e+04
3.8311024000e-02 4.1000000000e+01 4.2910000000e+03
3.8311248000e-02 4.0000000000e+01 2.8410000000e+03
6.6777600000e-03 4.3000000000e+01 2.0960000000e+03
4.0994736000e-02 2.3000000000e+01 1.7704000000e+04
4.0995472000e-02 5.1000000000e+01 2.5650000000e+03
4.1917648000e-02 5.0000000000e+00 3.0780000000e+03
4.2969776000e-02 1.7000000000e+01 2.2730000000e+04
4.2969808000e-02 1.8000000000e+01 1.2308000000e+04
4.2970128000e-02 4.3000000000e+01 6.1610000000e+03
4.2970384000e-02 4.2000000000e+01 3.2300000000e+03
4.4666176000e-02 1.6000000000e+01 2.7677000000e+04
4.4666304000e-02 1.7000000000e+01 9.5890000000e+03
4.4666560000e-02 3.9000000000e+01 6.3840000000e+03
4.4666896000e-02 3.8000000000e+01 3.4680000000e+03
4.4667056000e-02 4.0000000000e+01 2.3020000000e+03
5.7381504000e-02 3.1000000000e+01 7.2300000000e+02
2.1129424000e-02 5.5000000000e+01 1.0920000000e+03
3.1552064000e-02 1.3000000000e+01 4.8400000000e+02
3.6917568000e-02 4.0000000000e+00 8.2390000000e+03
3.8698832000e-02 5.3000000000e+01 5.2580000000e+03
3.8698848000e-02 5.2000000000e+01 5.2140000000e+03
3.9973536000e-02 4.8000000000e+01 1.6160000000e+03
1.1461392000e-02 2.3000000000e+01 3.5264000000e+04
1.1461744000e-02 4.5000000000e+01 7.1390000000e+03
1.1461824000e-02 2.4000000000e+01 2.1690000000e+03
1.1461968000e-02 4.6000000000e+01 4.9140000000e+03
1.1462720000e-02 4.4000000000e+01 1.1090000000e+03
1.4580336000e-02 1.7000000000e+01 3.1908000000e+04
1.4580816000e-02 4.3000000000e+01 5.4670000000e+03
1.4580832000e-02 4.2000000000e+01 5.3870000000e+03
2.1128416000e-02 1.2000000000e+01 5.5650000000e+03
2.1128544000e-02 1.1000000000e+01 4.1500000000e+03
3.8698368000e-02 2.3000000000e+01 3.1590000000e+04
3.8702784000e-02 2.2000000000e+01 4.7550000000e+03
3.9972480000e-02 3.0000000000e+01 1.7680000000e+04
3.9972560000e-02 2.9000000000e+01 1.3184000000e+04
4.1870032000e-02 1.1000000000e+01 5.0340000000e+03
4.2043984000e-02 2.3000000000e+01 2.3755000000e+04
4.2044640000e-02 4.6000000000e+01 4.1930000000e+03
4.2044800000e-02 4.5000000000e+01 2.5660000000e+03
7.2109920000e-03 1.1000000000e+01 1.1223000000e+04
3.9972800000e-02 4.7000000000e+01 7.1070000000e+03
3.9973376000e-02 4.6000000000e+01 2.3430000000e+03
4.1872800000e-02 1.1000000000e+01 1.3820000000e+04
4.1872960000e-02 1.0000000000e+01 3.9350000000e+03
4.2459808000e-02 4.6000000000e+01 3.1450000000e+03
4.2460304000e-02 4.7000000000e+01 5.6400000000e+02
4.3440176000e-02 5.0000000000e+00 2.1558000000e+04
4.3440832000e-02 4.9000000000e+01 3.2410000000e+03
4.3441344000e-02 4.8000000000e+01 9.2000000000e+02
3.9147664000e-02 2.9000000000e+01 1.6139000000e+04
3.9148512000e-02 3.8000000000e+01 2.2510000000e+03
3.9725760000e-02 4.0000000000e+00 3.1730000000e+03
3.9726032000e-02 5.0000000000e+00 1.6840000000e+03
4.1873424000e-02 3.9000000000e+01 3.2200000000e+03
4.1874048000e-02 4.0000000000e+01 9.0400000000e+02
4.2459120000e-02 5.0000000000e+00 1.0287000000e+04
4.2459328000e-02 4.0000000000e+00 4.5860000000e+03
4.4082464000e-02 1.7000000000e+01 9.1550000000e+03
8.8846080000e-03 1.0000000000e+01 1.2485000000e+04
8.8846720000e-03 1.1000000000e+01 1.1565000000e+04
3.8769488000e-02 0.0000000000e+00 2.9965000000e+04
3.8770256000e-02 4.5000000000e+01 2.4160000000e+03
5.8840976000e-02 1.0000000000e+00 1.2326000000e+04
8.8850240000e-03 4.2000000000e+01 4.6260000000e+03
1.6680864000e-02 1.8000000000e+01 3.3300000000e+03
3.7434752000e-02 1.6000000000e+01 7.6910000000e+03
3.7434752000e-02 1.7000000000e+01 8.4510000000e+03
3.7435248000e-02 4.2000000000e+01 3.2160000000e+03
3.9824256000e-02 2.5000000000e+01 1.4359000000e+04
3.9825232000e-02 4.5000000000e+01 1.4760000000e+03
4.1193440000e-02 2.9000000000e+01 9.0210000000e+03
4.5670976000e-02 2.4000000000e+01 2.0508000000e+04
4.5671584000e-02 4.5000000000e+01 3.1800000000e+03
4.5671760000e-02 4.4000000000e+01 2.6010000000e+03
7.8258080000e-03 4.7000000000e+01 3.2270000000e+03
7.8258400000e-03 4.8000000000e+01 3.4650000000e+03
1.2410064000e-02 4.1000000000e+01 6.0670000000e+03
1.2410672000e-02 4.0000000000e+01 1.9840000000e+03
5.3428272000e-02 5.2000000000e+01 3.6590000000e+03
5.3428384000e-02 5.3000000000e+01 2.6040000000e+03
7.8252960000e-03 1.6000000000e+01 1.1906000000e+04
7.8253440000e-03 1.7000000000e+01 8.5860000000e+03
1.1103120000e-02 4.3000000000e+01 3.8770000000e+03
1.1103456000e-02 4.4000000000e+01 2.1500000000e+03
1.2409648000e-02 2.5000000000e+01 2.9276000000e+04
5.3427712000e-02 1.2000000000e+01 1.4902000000e+04
5.3427984000e-02 1.1000000000e+01 5.2100000000e+03
1.0441408000e-02 4.1000000000e+01 3.8150000000e+03
1.1102592000e-02 1.6000000000e+01 1.6613000000e+04
1.1102752000e-02 1.5000000000e+01 6.1970000000e+03
1.0440896000e-02 1.6000000000e+01 1.7441000000e+04
3.7301920000e-02 1.6000000000e+01 5.4760000000e+03
3.7301920000e-02 1.7000000000e+01 6.3990000000e+03
3.7302576000e-02 5.2000000000e+01 2.1080000000e+03
3.7302896000e-02 5.3000000000e+01 9.7400000000e+02
3.5659328000e-02 2.3000000000e+01 5.6600000000e+02
3.6659072000e-02 2.9000000000e+01 3.2649000000e+04
3.6659472000e-02 4.3000000000e+01 4.9400000000e+03
3.6659552000e-02 4.2000000000e+01 3.8480000000e+03
3.6663664000e-02 2.8000000000e+01 4.2860000000e+03
8.4240000000e-03 3.1000000000e+01 2.0860000000e+03
2.3544496000e-02 2.2000000000e+01 3.0238000000e+04
2.3544656000e-02 2.1000000000e+01 7.0990000000e+03
2.3544848000e-02 4.4000000000e+01 6.6830000000e+03
2.3545072000e-02 4.3000000000e+01 4.0970000000e+03
2.3545728000e-02 4.5000000000e+01 8.7600000000e+02
3.8375680000e-02 2.3000000000e+01 2.8595000000e+04
3.8376080000e-02 4.0000000000e+01 6.1350000000e+03
3.8376320000e-02 4.1000000000e+01 3.3780000000e+03
